879369
432606
894925
636648
895464
830787
430656
513201
747584
231989
551386
753476
101370
362774
678044
64367
342960
119338
971420
649733
510464
916306
920961
268954
194536
304030
241260
201095
957955
979286
69989
157144
551375
601090
43077
195075
854634
229706
97327
953736
468599
355468
125467
42644
825002
279920
822185
226942
163046
364317
120596
199130
287535
335133
749488
345241
358619
304360
32297
123808
678380
27276
605882
186644
274566
787992
986997
355684
519509
968154
797484
810476
804015
835293
678053
868410
410178
455103
220385
422085
682315
108288
963749
934840
564780
739162
485214
4955
620219
662771
701352
436059
623894
149227
464416
509449
158873
50598
337045
579502
