815573
75245
918981
859399
73659
180417
647374
787629
722106
723205
223470
950117
792190
124501
708701
377545
185290
821482
911800
370490
241825
266750
35036
679377
710964
677506
354093
334110
440797
158687
476778
532747
313270
126632
586734
457784
425376
942706
896506
839765
772910
127645
658865
5597
560219
781606
463052
413424
435329
917008
54044
982460
673179
307096
150416
203154
55703
323466
672585
478205
722609
721385
242422
908974
403927
33409
393975
530412
154648
605377
933129
876064
757367
588720
799374
834647
987365
242943
885820
466193
56104
646558
900945
726944
542588
803830
1409
453634
280875
76144
177682
768170
31795
749331
592436
805872
512069
546697
725719
65065
933433
100801
56345
346049
574045
308293
527013
657043
521535
528433
638761
515387
114231
750611
253427
795959
776051
605107
570357
858044
213452
600695
140943
493835
201129
379561
521456
676754
835854
199735
111477
475582
311136
311672
763062
692491
297749
595722
500921
949994
324260
844804
698323
880627
922964
485385
486183
617495
46688
755925
985843
547096
552757
354623
515755
340743
610545
311885
542746
133309
491320
246490
363469
553933
165717
549723
978242
129228
777782
499078
641589
110388
26243
478914
883188
707231
204967
214108
13858
292463
865367
82121
478388
141175
776777
765403
366645
339448
309053
54925
701525
359453
644226
657417
506768
692667
398842
22779
824089
587997
38517
300854
793849
903509
416498
111721
329821
993664
387327
973285
822996
235867
120408
216554
502814
751020
265235
358739
211093
366245
20945
160646
328398
683523
813111
660123
867312
959166
798854
629163
439765
613331
690167
346781
493640
807882
463916
511815
359794
805659
726269
75104
983402
173782
985299
342603
253312
20778
854869
926850
345141
647409
629781
93660
401668
35626
791554
928492
809216
684513
353369
905465
333572
669566
578185
424953
254695
720470
886617
794171
948303
884513
183495
191819
865915
507432
431679
172068
888842
502691
793475
171895
810381
80298
514681
212421
841846
856805
666397
994137
311007
701120
591516
198265
756705
102770
3918
279684
469147
373965
499067
572675
693049
507324
693051
238155
647989
971563
704957
2572
350874
630189
222268
934790
72173
907944
270548
947785
186189
937155
822821
179172
514532
189410
97051
256257
364149
904163
763679
187359
771057
847137
435525
426948
834502
571842
741594
773288
229767
463165
174243
381534
94963
880620
597070
829261
706011
343673
858845
299006
765664
750748
901430
101497
542274
423124
269584
905326
593060
43619
959960
264355
17121
319374
305362
985143
270712
6846
72521
721686
931070
402884
506713
803402
933113
839946
43270
249111
602782
404353
456641
588105
764164
872943
809505
952472
946937
207959
400451
375442
327124
882996
994503
208521
501257
230110
121810
425213
725141
29537
641324
992993
784292
725593
972276
490759
419720
2964
133987
303656
824405
525086
51469
494453
471987
215136
246664
631473
347645
933876
548586
186474
650671
377775
461441
20400
236536
9980
283638
515915
198376
583660
484016
551763
701437
360518
498401
998230
870562
260784
682098
598373
266335
866664
560489
365209
606654
929843
334085
595119
417103
221712
241372
421706
86625
488921
276617
703937
171491
698928
709133
315966
953233
578180
781624
454662
746090
134378
923771
569206
725928
866408
646524
405453
88084
848370
850025
354959
260007
390788
642391
57115
694286
583847
358218
994346
823168
612670
149435
252707
525892
499046
731886
660703
706741
304731
310300
352351
961561
242296
926251
694340
975687
62461
414080
857667
636424
602310
171102
162904
61092
983906
224227
440048
645002
851756
961021
99529
315790
660357
481130
25090
61664
749774
58893
211639
44412
623779
386675
967344
763607
479199
866123
186592
624992
836018
582456
370119
701207
689319
299426
641957
848532
537285
796230
508156
728244
546373
474169
219387
691977
818338
616484
694584
153715
494015
668762
893483
12347
236441
898007
361344
426238
526903
947814
455255
13843
859131
400257
688788
626124
714260
917285
243255
271365
960369
302571
693276
187425
745812
76744
616084
820568
601428
590558
739192
405121
794676
422758
210515
308489
850434
955281
248835
523117
894848
322780
417484
593349
218057
477225
742758
540534
74251
634173
898711
797774
326785
892132
369899
339302
441024
105578
502565
85678
673459
145052
60734
176422
616899
857129
616461
341389
742489
756447
996080
243401
425529
15518
777794
758270
189180
608522
784887
621771
96983
985432
175717
951793
780497
868045
429179
359417
432059
831346
973816
189652
691281
424042
687989
85341
531298
257178
440033
276912
730651
830425
795870
671924
104537
663567
185305
214268
944314
10220
790139
574449
748012
968998
62063
649118
269685
445928
45980
911789
479823
51331
44369
64970
585185
947266
65657
858563
817687
92101
54144
254571
256507
40433
546378
981844
590871
652246
56515
290785
542444
982126
12766
549760
760628
312466
124108
822377
759163
407616
322088
801164
316668
792875
76728
890693
105997
380473
757415
147836
474562
877489
257449
232110
866072
376332
535599
136502
233771
176390
370126
149870
425616
161119
639399
173933
79894
155342
221126
881393
22817
39624
943039
550630
181865
656183
998980
140099
335315
563829
26630
859667
701766
739610
324072
428240
879454
547399
903569
383290
383594
469834
251049
468848
274689
637034
662843
984400
227964
850221
479577
222601
971292
321228
666093
309781
493003
340540
344999
501108
351462
621839
682661
850642
321443
270762
931395
123327
672268
137343
711439
709584
358053
35527
748637
528245
125748
55879
471448
59194
194598
665489
352493
753808
694783
832309
57406
919497
992401
202604
808622
756344
521106
797821
908522
80855
328206
54136
547540
619329
791849
273176
88400
974805
989883
868453
572019
208756
531884
196155
617882
896116
294417
735808
314778
790095
718669
596116
272226
72166
557780
179947
494154
246730
173555
434210
759305
682576
765591
16133
844548
108109
667456
946077
854197
209078
353101
594279
362046
526306
974576
236755
308114
570641
384615
101130
221940
926378
822072
39719
368035
364532
472138
463569
610046
69886
993835
76817
991234
575023
245409
523644
152285
740879
725564
764703
175646
25731
725439
762974
503165
534128
134151
599405
34165
330327
256415
371048
307382
449980
184766
86617
240733
676580
259948
574764
961452
462133
761574
2268
357739
870686
319863
622495
318515
470275
44819
501680
78881
607258
882477
970248
732961
49531
182412
272505
413439
216079
862310
758845
788493
306293
415420
790138
924699
291522
817439
97400
223888
78351
755045
641536
205066
691084
811223
101855
184798
953815
831703
577105
193267
301848
660987
932457
54840
226152
365261
353011
811001
708700
125258
110464
755068
641841
274502
954117
446342
315546
118754
5311
111728
638864
299795
410166
499087
831658
599940
580437
332360
324049
513367
902704
7695
200144
216246
564915
151674
127895
294606
644422
778533
760446
357372
755393
252864
88050
162403
413603
578111
742933
758887
506159
198170
555404
788647
586076
423400
782226
901938
766086
822957
279393
959934
481825
848582
747698
731854
321714
91581
524407
278023
180532
200601
764872
422536
157087
669109
592481
641129
384080
177034
546546
784029
767925
539937
508785
252786
961827
975953
764153
379211
417456
625722
190934
741769
509591
262493
630115
830516
308545
809111
458018
612174
577782
419143
795642
739441
736143
84165
892102
789743
122293
268570
608822
537184
688934
458015
659495
671472
944898
632756
745441
549495
840965
754671
857514
82664
941174
833795
660474
920676
448292
686788
260686
371961
504278
557289
702409
925136
546650
469627
974009
968809
618568
133503
200307
795337
467045
265511
206644
575631
611642
865001
340563
658679
594478
740096
851715
463923
877997
76934
461494
234141
800885
765339
974683
515457
645375
478255
935011
486820
513645
273449
297248
126645
565693
878668
295044
138613
436242
827552
524508
274484
179574
515879
512064
509270
639032
916123
385178
48408
928988
346951
128901
179000
865033
446072
102779
624330
674066
295967
669723
604223
49297
474965
504753
186343
373719
894474
775142
273184
903942
962935
475431
468433
981296
188946
621271
293000
683206
289516
711532
68321
980262
509905
259283
425394
357452
344372
617600
657161
211586
144136
340842
322843
31895
550014
154359
996470
587604
295833
565667
813753
730141
390546
201013
791090
127263
621978
591755
79225
303906
328502
623161
996499
278988
901853
362516
779002
361447
329393
249849
378345
327828
631175
595049
266071
669
926695
585533
959581
249753
809322
13697
404256
667519
675035
506764
479724
397292
381074
137671
487988
920804
519717
550227
961480
763505
737420
724866
542350
634838
656681
795538
784838
978263
622922
784725
140453
493996
714325
396821
548893
966349
198947
757586
331699
221303
598196
987131
814458
595615
534027
717327
775047
375415
292308
644813
501161
189803
329283
47833
120899
973890
523463
114450
536869
552087
429115
140424
611761
46772
967489
692349
106723
863548
925435
664575
548911
239833
202900
926175
887888
956084
998052
727739
323341
997199
547345
660875
297652
558485
782021
902619
786972
341885
851572
92512
146538
494680
841669
843276
851697
97362
628298
959233
42038
503229
668061
248414
178670
664000
126565
309472
726279
756199
681774
300856
854323
165999
488195
241962
502054
273781
100747
620344
606876
963961
68999
371993
794565
854047
272068
283501
607320
165565
545770
248881
217167
214347
520429
379758
181420
449400
833713
25277
341773
444339
467475
272911
821053
82913
333865
466617
602445
186017
773703
244574
692002
960316
806544
164421
654689
355810
570983
936891
382065
435306
976326
692414
678978
310050
710626
134908
161005
850399
761960
480154
627608
213117
439233
566573
672280
842462
986301
641556
429682
820636
609234
520214
3179
363874
511224
842170
661675
143521
416206
401905
155471
671262
622137
709129
965150
911284
479167
701324
98082
839144
930878
23395
876398
290988
590269
561007
980049
685457
152932
910488
92866
835216
682506
509750
844230
469867
558080
880022
224358
383986
100241
509839
247636
147862
736256
943715
741413
990947
346534
582030
881533
4981
500921
646639
639711
132530
838749
472106
172060
645381
510523
602737
105841
825094
809922
435452
342886
285657
432258
190195
176771
688282
113411
562043
11092
180199
430755
589315
995472
306891
603693
488761
876611
841958
974483
198742
166960
425616
79824
583198
334582
275078
396554
321097
562155
551941
861963
554959
116109
866408
945250
614016
426643
515986
602598
900806
138047
649943
653860
820459
99547
739059
510474
348500
3180
482587
128383
396202
104436
712604
819493
437352
76485
319829
983993
493558
199434
626100
237754
131696
255690
53366
424456
65756
40972
333838
566250
602387
166173
616606
949857
252372
204857
678951
833042
830437
255988
541230
104979
71470
470661
563836
222737
887176
817515
179165
729434
581900
162266
819980
665623
372340
683071
589693
850851
572304
40351
569901
957416
698744
851662
719164
52476
771237
321686
336446
893368
468027
779763
827526
981943
944918
95366
555329
319978
61201
715500
572425
271918
319448
498340
292486
194929
920196
262142
802129
88483
354712
332324
451000
201276
494460
441121
139277
982730
907729
53216
850163
959009
353210
788237
864815
295328
612486
570807
355184
308053
987830
945286
14392
862342
499768
754026
885466
735403
723871
79004
544067
780548
695859
530042
80085
997643
35392
371686
112643
353400
950864
526201
449680
193714
274906
473230
567553
311757
455109
636928
910732
672365
150887
991461
722835
487215
650949
523278
185701
851962
51126
191331
937125
727039
513001
189263
151110
124153
362153
869381
802147
35112
89747
326847
445058
434415
614218
552423
956505
708254
803836
31146
356701
798790
217225
897992
290033
698418
461535
428749
763600
970152
49091
728313
880167
476046
24138
880443
745676
800718
512043
105833
593621
975125
517292
107694
38330
98504
503697
176467
177942
683829
530706
590577
189501
623605
481753
139676
661467
123780
846797
33984
77857
417615
229825
860347
339841
562496
197724
509122
605388
58699
324652
620613
507944
501071
706057
686625
642903
341965
821681
456978
239563
865813
363801
276870
464778
694280
682679
553856
866811
742991
927140
857273
296927
387147
532766
11013
471705
454145
108759
406891
733496
704774
124222
776137
598069
863495
260931
939575
953752
681452
782869
408290
487337
934134
983660
807291
160228
874778
524794
538074
211567
984779
139155
930516
129400
965869
17334
648031
881965
281669
396576
173150
466282
969287
865342
107013
758396
156831
251664
121720
417717
257553
297656
129194
132228
499676
973457
860568
510209
380205
343002
464663
578514
816665
358215
468312
390934
352319
34471
736820
683678
202654
336938
788634
388177
475598
812014
345076
488536
158539
993596
231588
999745
345509
775280
932022
948887
192198
273654
432645
53599
299687
118005
304416
459340
27006
328513
28700
735376
690011
69416
470601
903747
61962
406479
515728
559529
259744
31194
393090
562819
267690
947292
376688
647324
46663
417341
747012
473497
804298
67092
646637
31955
189166
29587
671983
740039
927314
842594
238319
161719
52954
192397
710081
963906
475391
726427
390780
25931
663228
514783
552224
141521
680346
283582
977122
154242
888307
290426
843242
740830
207684
903719
427168
431520
916797
406484
354221
454882
906691
986220
874121
996442
86418
330139
354709
957299
342356
59946
560374
951199
99557
463448
981578
768381
588963
470776
215421
471343
625869
255151
647098
357297
868281
687770
11508
703480
297902
892787
316779
576521
371025
805023
948255
679121
230243
497470
598387
552803
918707
652635
363433
915634
695970
304069
145995
633721
358113
788683
130600
248924
751270
535109
497421
700965
214683
189774
27136
399770
559002
128267
45058
111870
770827
981617
354030
734245
803971
797052
706359
684626
685991
161398
648439
68384
287049
217296
527662
691410
463802
492600
690913
917770
836869
636025
341868
850308
401504
432078
151269
663539
602728
680292
770175
131605
620707
688122
538735
503965
216387
886541
651636
811843
829615
904659
467679
826945
573305
481668
706121
484561
654693
371917
742704
378057
53816
774888
892253
820325
58426
267619
465256
71490
427457
625599
413180
299252
745092
610678
358939
472811
554538
596563
330387
836873
819248
64042
553072
217366
399333
246440
730367
679668
854971
382649
193332
428291
547335
116747
476228
284589
452625
7681
370550
105828
902656
864467
395465
971381
766434
780318
707441
412807
989576
748922
370644
301049
707590
126323
298101
78288
358667
513700
423050
644357
692096
814438
299401
1019
937436
449656
553683
211735
878366
824631
444175
556446
526752
101981
51861
790698
229757
982067
720737
553157
187836
275054
367564
490674
740679
51205
727505
111257
124131
955353
765339
14561
332284
739996
657824
435205
519879
327845
50727
402871
519477
826511
288055
115514
787632
314207
589573
229299
529107
427855
207646
750329
659788
112830
345580
290174
457289
580064
779405
650728
314055
22025
350500
499730
116768
438130
770282
151043
398942
846538
899774
897119
319296
18185
749722
341846
23827
899394
636527
752049
720194
653817
702641
167534
481999
189752
769582
159282
609087
355565
780859
874436
540591
952015
317487
270788
981058
638260
21111
100017
151883
197954
932208
171129
946734
271249
33208
42468
165179
86013
992117
541232
196558
586897
245815
976313
736040
641996
600393
779382
167553
997323
707540
866232
85276
117193
947733
83120
758419
53678
462994
681543
261744
240794
375858
324078
259326
347899
94425
233235
543823
37200
98932
252358
16025
840920
153631
175011
101762
769538
781768
973850
8480
632733
620668
192628
145752
198179
340137
995334
802616
221499
138646
929213
105874
931973
357356
74533
555704
194762
982760
91714
739495
444783
749934
891522
5726
956669
218508
519542
969445
14375
665736
621662
215024
801162
235382
193357
116122
987694
386111
106292
123186
29417
111313
375104
314524
233577
851340
539270
328328
19044
156911
343587
967788
156329
41589
660791
828060
677454
900600
727581
146879
842319
632158
292427
694265
401319
998329
774534
955867
316121
704845
693942
538617
228704
984436
553945
565717
252646
549092
324407
516188
63120
473071
742775
774758
923623
406335
450847
746440
330959
854000
577692
63035
231432
565463
829644
161755
723954
341962
973830
241908
569360
215252
141192
482346
135060
531379
432394
935210
836349
924928
783942
671592
823366
157834
476953
999400
378866
899954
399465
192050
769273
697768
766258
412249
834834
532690
868311
669262
264877
225241
110493
495686
846863
575130
993517
951786
460010
834381
453841
687453
936259
229900
36043
688472
199896
661487
259051
646313
726193
824005
622245
17936
541017
251464
526469
259535
327154
954869
123469
981867
204838
131936
815057
139032
742418
953387
751626
127765
238736
665921
791659
929987
209337
189340
563666
828546
621904
481136
99593
388983
672476
554450
222754
845798
537271
610463
896335
723816
878726
954979
968234
144894
485561
578874
401518
363661
607749
423137
856657
197685
713615
962948
718635
381404
972950
690001
431088
886551
245175
892063
221586
663590
624972
302526
181506
207503
593108
660261
649859
144963
147728
252043
246514
356276
959395
576453
89523
217595
974167
898307
221666
302060
449970
913185
418399
657940
645137
251820
114341
634446
593568
887141
578585
241055
891023
720938
959961
946826
509082
74175
101481
453891
885877
579218
837297
25475
456201
258166
788763
674414
396441
982803
180554
287945
5280
315822
486483
814235
883127
799234
808021
196633
399478
310284
935206
224265
388826
135020
837719
292022
787962
869505
437973
422598
665420
452463
811653
845478
756676
29418
352883
777837
445063
748806
850629
46690
516635
503994
26354
474920
512791
546548
412816
113419
277708
141132
715821
996975
175885
984242
497101
41793
7000
277969
353724
414744
750958
13941
937209
946922
378469
499832
775037
861305
126694
756428
843428
725992
97084
342212
405411
386029
499654
387479
116886
472045
889115
367162
341019
644215
918660
922980
9520
994604
176334
302014
320204
91319
318087
513772
713300
513606
208257
456100
983810
733000
759395
322239
998411
470298
46339
189361
600484
520184
127523
888661
382671
245846
941241
250043
789845
361482
580010
896278
798255
513924
135380
167553
648344
461886
843333
250568
704992
236639
336822
780564
272938
206545
885610
106706
41627
980196
294566
275176
255233
31311
332210
5176
377135
722969
994871
588584
893439
904376
484633
926603
64828
930946
68949
479627
238447
44185
279360
419702
252700
187193
408615
4780
732316
127280
587128
403850
607609
154828
614247
24173
787305
541667
262001
798111
231190
692209
162931
298296
865073
934756
5945
481173
825276
509240
515422
10288
752690
119173
114264
594047
73590
915632
118717
495451
36643
475292
560090
673965
688379
218208
292179
224000
549394
513832
790473
623894
957952
714490
632652
117035
559565
640690
576891
68320
811253
112892
507961
396831
721433
848276
775148
14885
748589
572991
451296
862608
210116
697170
859610
437163
468214
590956
613330
893077
831954
191910
570099
113154
206654
797010
995949
143897
787813
276178
478677
296975
790008
389171
389826
70661
363662
386575
87305
777701
114198
883347
164521
360109
302982
467763
261631
511058
612989
716293
46005
704986
707071
715555
861455
544923
463716
847275
126483
380010
661930
855158
637365
560682
949791
979093
471895
656640
626359
19865
367222
208544
918296
510084
219958
980730
775976
939037
497807
536085
905380
921508
424602
670593
900194
592001
534653
277424
140162
651692
636744
426475
19066
706443
809173
143740
453000
265369
824939
51387
786527
899969
601568
963734
799187
116387
942152
638512
684014
965831
544022
555570
826322
968734
716951
938154
409878
183530
599866
767973
128991
925674
55854
694489
911913
562196
336725
416913
672390
330167
161580
139850
155111
437667
17523
593352
636034
761564
147244
623232
234237
868978
964136
165626
474044
763235
398794
214037
310092
647443
489053
654011
700633
486113
392510
574747
413940
144931
319800
143187
371144
242
581598
459377
770311
478512
902665
705980
2575
769517
966156
94513
533502
4570
229073
785067
724940
486441
584225
812082
316705
64576
89374
948753
3650
180923
916406
494048
164538
116731
419503
195447
897341
577183
305845
31110
241615
81688
425608
362045
327963
898839
362475
28439
526803
336597
382553
985201
607747
580752
583279
307827
365292
167658
684414
372187
859854
124201
920827
523704
677347
75067
855432
660370
556918
278110
693773
789530
365894
156473
606495
297156
890838
524798
526255
326696
212707
464496
700591
96210
565711
965502
575886
115957
119411
189462
395618
726892
20349
592743
734772
283165
288857
965250
118430
832853
173229
287555
517776
321493
617424
486524
867369
798129
401861
301063
375528
30941
510692
710659
653129
85305
449491
989175
743739
892803
404791
296553
22304
999203
801256
588516
523626
52913
960876
80630
687954
413667
166450
804200
180370
339142
586851
849224
835143
628627
365363
497558
8783
788650
564712
215184
45082
291824
46367
661866
985481
961712
691376
189300
331328
907342
299264
471649
471610
223277
956799
381760
177633
179625
649096
35312
486081
537676
831875
558931
138525
505814
296739
493387
475173
535302
625778
523418
563672
110975
579973
48146
346765
892524
550109
485235
937945
142230
997867
637778
955668
403304
120224
248294
868158
887845
892178
447589
226147
41484
633767
133340
111972
399156
22627
978822
315536
618946
334880
443680
833134
311631
917150
949644
929824
208591
606406
145066
989248
924829
86218
241311
656814
187747
751267
589029
760392
340156
641000
852662
612280
207933
927071
215368
927111
835096
625060
76402
610830
733818
449137
310727
766303
509991
847179
117785
286651
709483
444066
453525
10156
205609
771270
909434
395189
234431
242274
470593
868973
513318
494114
338322
629075
482808
373637
781639
166780
481617
598841
657389
973000
339057
397005
430467
229520
242206
250631
239516
429620
427679
828788
251804
771430
884210
663308
914749
630729
564038
284236
982531
597712
880164
455469
49659
841733
323130
803724
383170
843489
264434
301210
887686
215771
169187
620944
397325
722730
384589
432705
313098
258248
890648
583589
79456
800849
43164
696257
245762
587389
711586
598967
748715
258180
630491
974557
376413
790677
213328
99080
662190
767092
932171
167213
284686
81757
310502
997382
755899
889505
464899
885037
119293
764070
122274
327182
924374
503730
932558
393581
706696
544369
666007
237905
965638
321310
427565
403633
232210
29803
982184
930100
677390
965057
664959
244099
881425
776504
430485
276082
241462
646839
117053
360876
910160
589882
745824
764451
503058
225669
549782
187856
458410
386434
571110
187764
865242
275655
915945
798277
750618
665134
825650
139120
790472
781300
210263
465299
764328
2733
105848
721426
593658
660792
615650
852198
146568
978554
405826
480475
34583
684839
980725
437766
534504
116264
23965
754673
693195
504791
496629
280419
964346
141679
11115
863954
335394
654188
494579
816258
843967
603751
905465
656548
10949
771162
315760
995914
314506
998503
111881
906758
65361
298199
586217
221441
244770
764351
82049
450171
68974
200646
574976
189511
590420
36926
227866
986789
135944
945896
862813
50312
946831
624688
268164
842080
40317
155042
427505
158940
61117
226657
133366
307502
405191
165174
616927
174318
505081
450508
767438
497583
890030
893339
611961
155524
357155
377374
388240
754402
604117
370532
683489
837447
253074
429784
374446
577803
278557
137767
199738
820085
689421
531628
826066
153937
942577
578411
656091
789477
142950
71640
755457
891294
322332
891026
640139
123417
873379
259
233098
429504
398788
835872
302763
908025
211474
955402
295335
38399
124423
542098
702556
522072
121417
537826
603454
780078
987123
683517
549414
575707
595724
57954
480918
124556
386951
540043
706055
863537
569397
54974
335347
308643
257171
597418
288710
906283
649369
148618
892157
152196
735554
406669
663688
860002
520623
927460
904331
743131
902605
370335
210029
207782
439520
578638
611140
75571
471919
374999
130328
502582
131307
342962
933044
753131
345898
127172
310978
676733
287502
344426
231417
569410
690494
801757
112955
574989
327960
249235
901638
7344
441978
242997
487073
333745
368397
386277
83850
210495
520776
568698
313648
869978
280949
648405
634164
694717
43254
101908
700205
221459
886040
462380
186963
913915
744084
860809
33442
809204
479600
192416
984669
165829
686593
297578
830189
261341
622627
396759
225161
285184
378931
433047
835606
38945
498202
59343
190085
235047
642810
135517
856969
122921
499357
992179
467058
961504
24722
703386
113059
176214
665099
846021
892994
820599
974997
807515
568570
434559
397993
712613
448226
458905
144335
378437
757190
591496
724950
796745
813368
908518
867842
681840
133455
273361
235305
954209
494396
531237
176771
323617
263517
870080
611090
135167
37252
48067
72498
443438
729209
891997
593907
385008
285562
151756
314292
787715
317968
356513
400637
625399
905784
829464
59860
468104
532067
976179
151649
778631
464720
330835
305075
51887
44365
217046
652759
289064
966772
551576
809728
197123
45278
996905
120731
455607
133346
908399
35386
432740
792520
791208
757882
85310
411038
307374
327990
857580
80743
161929
482046
616011
840385
668183
248700
692632
578403
462222
666746
429884
243530
149267
215379
590151
200041
141708
117150
373476
582203
284971
169866
981161
273709
250845
567087
626603
59192
209017
33606
223489
189917
734272
111011
748892
362037
415776
85090
150620
928831
18541
952353
230080
271074
774468
316657
160789
128957
799127
51766
686529
116438
363142
244311
446215
409111
900931
708870
635846
456639
386185
643089
420218
131643
803313
513383
289377
489287
178507
973015
908239
242180
606200
84927
324098
478030
610440
328701
143128
413045
719023
527770
882796
653059
961628
922441
178037
897771
166666
250886
908345
110713
174681
252546
753714
541030
238421
32858
574727
592072
282352
156304
960959
366167
969613
55467
578443
57719
133660
731689
22749
142673
135619
467137
556671
62453
672905
906001
441254
752080
400378
88595
951440
425811
810418
394425
49308
779012
930331
226344
638816
692453
397981
910040
511978
950189
596756
684215
682730
216809
275904
313005
372510
503552
129078
966223
504537
51377
600819
405236
212532
5932
101274
131996
626487
330523
365295
809969
15930
961889
254189
623336
730797
745778
328111
641053
470175
195073
704750
131295
190650
792189
53038
289576
839514
419004
435639
850408
35616
869358
828130
636944
827001
29519
788602
339986
628558
525918
869086
597528
589206
64898
743901
408028
577702
430019
258646
163678
858365
333638
829615
40830
566790
363070
444301
411897
957247
800977
322898
50788
636746
861234
203048
119712
408122
225928
895994
762654
383715
550180
829204
807205
182421
98791
151498
739665
631435
552657
578398
96927
197965
895093
336963
40256
3686
15072
528654
144589
634367
988045
658435
969909
283875
82047
726855
851306
581437
147535
15790
368769
538702
174023
405014
112834
951881
259830
831328
842653
821762
363263
375707
764130
484233
833719
481183
912911
138504
445768
313220
146663
153836
270983
544351
279752
46623
844804
698295
918530
349889
514556
645047
358249
485318
961259
912892
557246
425654
22484
17661
663774
48916
374956
801501
865223
561188
741100
543917
138154
977355
965045
77150
942983
440936
408339
493317
559690
118259
311536
10858
172836
317275
108310
764455
554143
724599
947811
42133
509859
948303
885885
986986
980654
90453
736123
863621
34543
777952
199554
207143
758321
837856
75412
583059
866421
466319
157275
446364
73839
89464
511906
494846
766161
639717
132865
417494
151718
425198
504615
61156
102641
226624
987880
849542
909804
404303
218886
377518
652423
854578
239708
759649
146692
917812
465008
756748
801939
141492
45179
813329
956410
176522
469597
270897
627620
39728
403002
493278
758614
949193
424412
561551
82130
831702
25571
831185
183820
908660
911419
746771
485893
867439
657566
745110
876584
75867
532641
405966
769668
572940
594383
786932
181805
886962
92575
362729
446196
264932
225523
426417
879600
589435
689910
374499
895996
469851
967712
84007
80475
318873
621982
875303
387914
932849
496116
728265
509833
651083
43844
923796
21412
44199
938266
384285
558898
751110
705872
490504
694082
851949
612475
276419
205673
424868
377424
781581
494531
257802
814998
954854
97622
887942
891105
915970
570319
511343
330164
250034
363225
280864
79588
579182
175303
8279
395670
303756
294842
230495
380273
721355
114438
153695
862210
80880
218486
995370
759085
877542
106549
451336
865610
929925
125658
227851
458906
569395
324255
513281
94221
375963
923907
317670
983046
917425
811533
593405
765401
716143
27296
831559
99009
338166
760188
136598
417879
918996
970139
861826
704691
265125
575147
596359
560591
335178
15210
670241
334639
603228
86612
760460
492749
318094
890504
531065
439782
599272
118025
690230
188218
321140
535001
378612
960013
145270
71773
245118
517097
757463
324897
483934
965613
870470
558782
354901
951227
773483
787078
689484
586664
315670
514797
671835
914917
272746
421108
689368
96525
998231
235832
705023
371840
415010
439103
530416
596910
101007
377870
606313
921619
193648
908660
122110
405533
306579
139722
277573
359677
205555
497057
979811
790417
659120
641202
871384
247582
599414
28702
801094
28615
661836
49799
318134
583431
354197
130360
694784
102075
294038
110514
956730
173489
645734
604248
378029
723983
53158
101314
741448
431950
298825
673210
114935
138883
250551
399907
520246
976994
444542
76816
520367
841963
367886
875092
615957
1593
110018
14383
386140
76989
73460
167213
257181
339510
359948
434621
206719
539468
106349
688662
749913
981488
992421
873905
448710
921551
851003
60884
918530
460796
986082
216243
67103
413365
91221
870979
418298
981887
519878
160543
25253
978386
687249
215616
728119
148551
840140
212850
185894
149518
357552
306715
299875
262537
109981
975914
682743
67494
365147
891433
880807
712880
134851
743889
993163
740961
401520
321802
999458
192378
468224
717011
762532
165899
789263
239840
745806
864241
58316
74170
735608
766253
4459
340638
881716
512833
441871
960769
291255
180601
180239
337187
633306
692137
582921
765427
766251
24479
11192
185287
576103
356334
32649
974249
252233
121075
85749
140262
313710
227814
58005
367205
525674
18258
956736
862316
307866
597434
239527
922545
745667
33978
732018
619417
663448
921409
22083
477269
711445
84162
786595
368856
645677
294773
977922
577056
447720
909624
411905
340065
376281
120475
670726
906854
271353
821885
743358
647795
326413
803838
310743
384059
897205
419242
915646
80045
263777
980482
183520
449075
991319
459738
284139
834283
12771
951008
286578
777358
204675
90284
50199
197016
140569
377886
444660
4226
596303
925196
168907
492567
858797
521876
589367
918967
672073
611390
785563
481625
652295
146286
684094
538503
141148
164036
652671
293829
115567
649256
625006
440942
581476
716666
527159
207765
128098
685023
951274
531458
44314
467793
313930
425015
52334
528177
748105
346667
759796
293711
55505
502299
220506
577806
848299
887321
456523
925677
951413
633520
993947
853909
311400
510744
934986
176640
829967
179480
45783
499448
808694
355579
757595
62076
573466
23034
206985
995849
464629
23187
277250
733806
293306
625100
612925
323512
241495
949834
933861
2131
861363
848484
284112
303238
115715
908784
149981
735821
148499
642941
499265
593571
116602
430039
493274
382604
558512
202377
281306
604067
935992
257124
27696
944301
206293
210864
72065
818599
450626
996285
266722
690800
678643
925984
23896
780687
713907
217635
346137
969074
529025
480177
946913
719148
634875
815447
369821
423141
43726
508242
992559
85119
27928
529788
588147
587811
139019
480238
812839
865137
715501
869161
239835
769799
884619
680605
373309
545787
420649
618520
536985
327980
813718
641687
529310
724607
322722
136392
384141
25453
884864
870755
172691
428164
971485
257234
676686
322967
682573
540122
343366
842405
390076
502550
253065
121894
709513
738436
568345
49311
481078
172629
864055
450038
453712
756819
749808
753212
571152
920248
433003
562876
240750
818494
880464
350128
488124
429692
350041
280220
607469
203548
997899
384090
506900
709794
619192
428612
587029
461573
142230
195867
233928
810260
864626
865522
354490
95547
115224
716304
844914
631519
153851
887552
472226
110070
14838
702100
22026
766557
124460
782101
608921
937625
455891
458182
67579
21567
102885
517278
946105
976541
651841
92326
632729
6904
505434
492661
641613
547157
382506
931932
775466
573237
938121
603425
659595
497717
62450
56954
806154
175768
49245
537058
996581
654000
103118
833970
322331
546434
120571
49480
492020
72903
933809
203076
518818
159565
571296
187303
120552
618406
326480
137833
8310
728632
93478
198361
920847
726991
616342
587263
279513
668353
275038
315999
322322
980268
899318
339991
508277
807082
948327
27047
556369
730296
976603
913689
900215
447657
462835
475085
203454
933016
330639
892475
590226
213151
650367
626497
13922
665449
681462
419904
174455
219007
179275
745864
411271
741131
700531
445907
463284
571224
815451
709539
539968
195236
802169
920076
236475
986012
709574
315457
709333
828318
599390
924644
479894
448423
563916
376566
202445
993936
749309
610722
20789
805552
307417
764040
509338
418259
857251
401261
571045
146284
627755
460796
302590
266801
828862
968127
869131
229091
799381
356097
351593
352520
349883
205730
805501
930647
380328
389991
902239
365493
898774
173802
389525
52132
762854
636403
170021
207483
629159
409550
444488
811168
383492
308172
13344
206913
621776
901997
973088
819935
431261
705729
392541
675952
472208
677156
392238
328520
200394
625409
545389
409897
605796
342233
808279
266692
487028
897696
740045
544634
3703
879029
941694
560495
474290
165401
505524
81011
368104
960628
610573
738909
615695
740359
445690
253668
262987
241715
488293
400181
427340
642999
478663
55593
760243
329120
368645
867493
819721
537532
736740
166409
269469
901412
859992
441559
35119
135371
740000
250399
492940
405067
133516
890838
686405
139216
833331
512316
859254
395517
240875
652162
675677
48117
873448
230015
512540
847457
649759
27775
889695
973948
119317
398844
712401
300419
706678
596583
217847
412814
111178
544561
30296
821137
28402
669613
925029
481217
240453
842392
483684
994082
377848
478825
425101
518090
378131
544101
145529
67805
104536
214890
374441
163967
189943
472733
842957
522982
529685
732962
842286
783114
974869
651072
889353
849397
128854
613101
57922
939899
597790
99402
907440
274048
369229
907137
539763
935828
686903
561156
267862
981543
971574
509383
840513
466591
546840
700846
722369
680949
495953
92255
482572
904224
278307
751590
726413
342185
517312
837029
824852
873
424437
598840
126299
273936
973633
573080
559142
100045
516179
580724
608043
775153
102939
558798
180430
418816
84968
989950
139719
599295
265599
825440
321288
618378
688248
212645
539416
859922
724427
773364
257779
336849
884116
870558
201913
438618
387153
705134
915718
93865
500355
551536
123057
578207
37450
231188
122176
423401
488664
74337
15659
854181
93174
442664
394753
633610
95579
212931
817189
862666
799404
294666
324912
323035
836609
457916
372213
634881
532716
748998
76992
912960
757286
750712
518816
975516
201892
611
903085
109563
354780
738292
519571
696918
317938
562361
550257
740503
776638
702746
314902
669899
352087
324641
651683
730964
844672
542798
469534
73967
216035
794595
393985
395507
534374
875190
39901
389507
19676
192277
641396
741272
244474
47354
761842
740960
866450
794480
485979
827999
621337
234031
967446
695094
215409
937792
19791
343834
403317
359601
417202
875535
747292
29503
648898
209222
8044
529873
541849
637394
845514
914773
586861
308136
114828
812095
725392
304967
451575
65606
581836
581229
408834
952531
552307
751435
826582
826116
389690
753612
295713
954522
186261
291338
588278
303291
683468
419080
489400
967843
659309
700098
679085
813037
540888
48103
756829
872527
471817
558184
280079
863659
564610
63703
990656
483361
239727
341661
708645
948629
99281
162212
732962
946344
1928
393205
609401
949075
278966
658308
203833
456497
736225
908580
208414
588445
719233
886508
110223
272562
903935
65830
446732
175515
314900
10453
93395
406565
74308
446521
930000
572455
373612
566092
724275
947350
670541
633798
360602
870609
413250
756279
334570
450592
958741
287813
950896
471115
940400
274583
352832
168435
514285
632317
742994
52968
273895
996670
826683
512841
16164
821226
922947
650003
280838
868175
189623
751400
687534
939092
177631
821446
358247
236806
516792
672821
70906
567351
715048
599004
263553
3917
213440
667422
315322
181505
252613
166925
69448
433596
581761
377208
377177
441240
728064
925414
876146
539904
338458
293466
64241
456831
931159
878012
661991
794428
118328
354182
33519
168406
75729
642437
306336
575345
987550
965882
148151
726040
818913
186527
68518
314687
827136
739836
692164
707627
392264
887453
295807
433434
315211
24001
94065
900240
578164
822456
69585
267603
858947
789184
304988
298594
530494
732424
200176
437843
455892
828768
238718
969253
783964
64114
171813
693279
969577
349492
458950
539662
478774
363219
580021
533731
740706
460103
339476
848456
890910
148203
300017
586122
949953
442673
942854
799433
64960
258717
635799
162697
94376
455403
398119
968696
684641
793385
185037
70530
440207
835181
799274
73557
395177
67494
580843
165421
174112
451622
614793
130680
386657
286925
360289
734904
779206
349519
761519
444222
328908
279157
138266
645159
198431
803711
229511
892095
862429
436739
886503
60180
768906
394628
745585
738551
343051
178221
440522
650736
417352
487726
537092
549109
649236
110070
564725
815632
836901
623323
398908
164423
756921
75483
143720
478598
399295
395262
111390
949968
395083
403263
784597
895859
406589
417088
295918
227619
735617
885550
681882
801791
706167
783888
327373
154854
860510
286696
717171
623616
450981
758078
977758
644218
237008
255752
37367
331186
750643
846447
337636
487438
49438
46358
773853
801666
599737
75300
219290
898160
736651
605560
179401
177101
979
36924
86992
857385
471241
833160
83214
904906
549018
873921
459313
265735
187952
327684
294418
516193
651235
28658
237131
547462
834123
634657
751150
626336
487006
73933
668136
165742
968016
970464
425908
309671
548486
686260
69633
235724
695477
253965
382384
61988
459689
113635
976005
762212
540673
930333
602584
73118
828625
294879
94236
185144
415201
437653
415191
204857
638124
299638
580394
77170
778107
782607
864912
427720
173232
382053
504493
581508
643452
794511
136747
677212
665308
566348
436205
886546
759612
69230
642237
302469
146159
14577
506862
367472
272541
836353
328317
968159
104307
664364
410120
411147
703381
647789
472948
128342
246444
905970
629835
875992
899811
395092
433339
886097
561228
394707
868778
527470
386230
373389
740405
640516
234500
174446
386405
82961
87151
415862
179343
209042
35130
17516
80598
939397
531315
784414
677255
205571
784050
140752
922407
492005
982832
223900
743031
529952
823532
963041
178332
192332
242202
412061
210524
983203
365400
698743
882421
784776
898838
72820
106855
436762
683450
139665
464270
825272
829909
896105
874024
774453
476004
381151
911408
254849
239944
342009
216690
237946
409154
801235
538748
805092
525954
178849
752512
493408
668839
707459
220039
365577
755169
611859
285208
308379
713396
642050
95986
291807
516552
582957
48400
704084
249900
838720
589343
457232
386787
139460
469192
326199
124653
801261
624203
44394
456400
497395
150543
839626
553544
855155
344435
998991
2481
929191
39367
585162
686306
218017
369423
101439
670267
477326
354777
518340
872142
492845
223655
739950
940055
982626
994195
757388
965855
716573
765454
823977
940964
182151
221420
544690
294156
335771
598651
23173
613329
682638
551645
172315
998433
926787
786087
736338
282614
859053
729872
747057
998968
86215
276347
273384
905553
977974
680515
489099
501633
589940
427217
460022
625503
784060
137356
879725
274239
977501
860
980317
948594
368306
308396
943394
882474
339882
238314
772585
929002
889532
70237
731958
227690
952509
105556
547095
833494
410922
734858
214059
810833
169384
652289
641446
304729
304062
47056
378793
406163
19631
695856
402404
447328
883226
865043
356786
893675
538810
902733
968943
264803
933101
662365
27861
407925
762425
110881
386044
503683
264924
570856
748311
536022
983284
537398
435055
552189
556865
628484
112417
952216
834742
237845
157477
673558
924337
710434
399267
581955
130770
802873
956849
479049
699829
514498
219827
411974
204371
28526
376364
84072
821018
406951
447771
758566
395995
180190
185862
260420
706851
498707
636055
575614
615699
466468
167181
142053
618856
797879
210899
360837
569779
197250
494450
775929
661422
83379
855907
772590
473528
485542
689869
896155
436784
619345
401758
53099
123872
365099
294574
504694
751819
222812
300249
209520
762547
577765
155803
315927
296711
562733
365105
153280
372620
210928
568032
245733
41256
668412
470604
856985
345193
906228
42975
304241
269569
61018
569799
36993
819221
85052
806560
665977
817326
742247
765332
469185
549551
193973
401986
283535
89283
247539
583131
764535
704117
150167
637372
883360
62303
646114
395950
759887
7514
414274
972240
755011
886567
508974
947039
419835
703096
378135
608156
281279
207224
394402
787222
184103
107541
701153
907335
81831
865710
505934
181005
779632
646830
880828
677524
319091
276216
450046
969175
654484
295350
598926
562069
899092
983539
981575
986285
729508
97573
811282
116748
276240
599596
18258
934597
388566
579391
733843
993522
931704
34690
75424
82375
92015
601765
514225
39961
57955
577377
626381
618526
967949
761830
943801
643713
951740
909508
317711
259600
640775
983163
124425
34630
942865
508706
972533
236652
232967
885550
882001
726810
715121
71673
997343
517571
493216
731374
664721
97754
648835
864848
421421
157515
952565
611760
714212
268143
617678
179095
364936
497796
468026
573058
475832
229768
386631
373334
611164
541179
366113
859168
435242
153390
620124
732629
854526
99110
549480
423700
878661
332167
601744
442394
446335
938656
501646
782096
589941
848033
278617
32320
56573
607391
394032
439306
191099
228254
882962
983568
777723
926020
344841
974453
917844
735847
240616
843980
295450
271410
40830
891421
106565
576566
704381
766056
928916
789839
820686
229748
941980
74231
358167
220805
968585
136082
612551
723430
718763
139769
487105
794696
516505
367641
573270
820304
373897
223508
741485
316872
490987
909892
770396
143247
837796
854541
852897
971213
509310
605923
542333
892061
399648
256078
638237
203917
853377
147466
646896
265451
868166
982075
459462
826562
598972
189028
232744
766959
643289
391147
978875
705654
57223
801392
30896
87960
898712
4120
741031
676900
991857
381179
216932
806229
818929
439907
79653
461098
608163
578705
68317
155175
206779
427997
834408
589192
947958
877898
768898
907511
830256
528094
858751
468867
853146
202356
940045
72333
582936
613316
201161
857212
278111
162776
599922
916230
268100
64358
934779
99217
434104
884490
648950
925126
527869
797659
545602
730786
20873
752483
265433
633433
525071
939101
210595
947033
470438
810559
971226
33103
161043
108417
667931
372685
748334
299866
255761
439013
499460
97894
635564
879998
369106
102004
594684
346425
237836
911047
336908
497948
346465
259430
656413
846896
467790
316146
559810
458545
48213
624106
874743
738528
508819
699003
325033
652027
890158
763757
549426
952139
833587
358951
780661
750161
461627
320211
119435
517554
759909
369674
346211
508766
418171
415522
601689
345628
619586
826446
892961
72552
919708
174112
260924
9491
814521
79311
63982
249083
336220
907332
299751
146060
245688
514108
145355
550387
678386
327641
892295
503937
461499
756014
178672
993525
185646
830675
867903
367939
883649
935796
137374
445228
942842
557092
875564
229846
771837
89387
848443
962935
775816
660409
380942
702011
904874
387464
871480
614214
808085
5223
308191
107326
767026
481984
110771
711248
771275
934002
880290
529569
252944
163971
114948
881252
845715
207664
474252
81833
695380
452194
251998
725064
339289
48552
664502
496173
77572
232757
786287
228439
560642
296696
661851
520120
360469
458307
669597
880647
109080
932168
404872
630405
887898
564652
641822
171347
860399
529535
493280
339512
245955
295660
359166
83826
964042
640867
411538
312641
374565
85667
958475
366871
209548
416334
631739
144417
339676
864394
977683
407010
611063
35362
759209
932077
587741
271078
357828
388337
941670
598126
193362
505938
188040
38547
521700
785188
847193
88553
306642
801506
97423
476084
192382
228103
41606
607638
669441
866323
253206
587888
366838
414420
864926
45739
979672
185573
591422
829536
646788
637697
350297
571158
315294
257330
559046
649030
610027
604632
229016
412075
1263
356293
976602
862975
318709
752018
917282
443924
372002
132622
48559
836892
524393
813864
117873
771906
321957
930704
130522
323229
808542
346553
419034
940698
445118
416187
604000
424212
264710
905481
771235
786696
525365
20290
836153
714305
863532
334783
911532
210113
426517
29785
315034
45264
164616
813000
767312
24965
520464
517653
264403
858075
519489
633507
740607
551907
591998
563334
291321
498483
992231
384105
934821
734469
752212
140721
906739
221718
560442
440043
596264
639637
48927
359281
552582
770805
302958
263782
638121
564674
522147
162363
98141
995984
368996
936287
309125
384870
707343
780361
172743
505903
440330
768681
277820
614467
44227
982898
414936
279041
510579
191139
5501
19478
120605
551641
324876
215517
760562
108495
606167
583878
728420
666656
595704
368618
60912
657784
93288
447782
623780
52898
430359
421169
220134
906722
566818
125499
189346
349496
796491
721105
707638
791042
983208
758761
741514
70211
337147
753419
695343
803463
50916
787577
98062
168725
80463
567481
726328
542537
908532
534672
562619
196990
158835
876817
123805
532568
873361
472501
21604
621124
569889
198401
286401
13794
973451
484682
294998
706909
926373
702703
292074
500331
179519
787655
947680
18309
727760
68582
727568
712099
934257
83362
675546
412019
83934
62433
354592
490690
309590
202604
813023
652528
338565
68895
433314
816280
875592
890929
984411
332138
177855
871082
793339
192628
756200
979241
329890
636682
248659
270031
318170
603124
307292
19047
309418
658243
219829
266650
332112
228044
464998
628986
209906
167325
34576
947430
773704
299686
904005
549253
512726
145653
938618
728843
670579
196233
804529
255460
969653
924633
643712
807596
96933
651279
802780
311921
372991
440913
953809
516950
311479
589055
900435
237009
716619
684323
362083
349864
166895
823301
43858
62201
724488
356849
174845
920632
445764
19944
351987
805213
187731
77219
321468
150066
780933
318258
159604
680846
880413
758423
437088
820107
659524
381404
854632
547984
588029
935275
413779
585712
212846
480919
816257
908207
502270
493532
954726
230363
583213
544377
754394
511605
706834
906857
574018
399686
265437
566759
891896
180079
467037
290452
440245
815316
285951
495343
378404
239393
941661
420695
511569
715753
644881
271398
150763
612357
454079
811132
334160
887810
181834
539445
367767
774414
940496
757201
961806
50470
701968
881181
603029
278747
68518
257131
918886
747682
118952
116367
927210
107700
600479
233596
659118
150599
354173
839019
949974
362796
584083
836260
478376
675073
883054
284104
360422
438149
923402
647520
118370
794980
918226
247252
400950
776166
957510
430436
844141
678132
631230
899336
733710
905348
468995
992677
739124
137664
656337
469092
716223
3233
251807
740505
716034
158212
365570
294773
370689
837775
825657
753595
316333
637113
823470
763738
283426
893447
816528
130529
202000
180290
496748
614455
113229
380135
858906
585279
301006
592162
528255
836424
877068
559463
400861
127972
209370
592897
57002
807794
686750
602501
403588
432140
351501
231179
734317
475529
328079
268766
728534
616553
10366
713657
393068
212597
750552
750311
663746
857682
694836
720775
34328
97055
435981
682126
598174
852207
577162
925615
607553
784228
659593
752472
113841
98969
10118
978682
21301
809741
758038
31959
880471
924183
471966
431479
113183
965798
186842
798665
261166
175569
448198
710584
597099
397214
431900
254516
814374
317933
708126
768725
568789
971023
702036
26355
662214
71115
384204
901694
831314
851507
102269
895323
466898
801106
625181
354546
728631
56090
862646
453444
688750
820530
759348
564079
827546
416759
705492
532770
660486
590595
805798
365706
321436
444033
32261
983397
211501
53271
811084
431983
94759
217332
177086
119636
999960
615374
76565
29677
824876
781071
854745
818616
739451
871219
118390
747252
112298
116193
676797
830942
69656
966288
469919
51777
209378
732128
351583
591547
31707
356434
424671
513191
242338
964161
812310
958122
364161
782066
255194
986628
594517
402268
265961
893560
742886
997430
606690
754843
155969
136203
591328
880778
875946
99791
925165
353299
191266
151415
396673
283007
948493
494967
492698
812129
462545
738239
770179
20295
865289
465673
348509
228309
344397
339292
254308
381506
110027
257692
44485
44042
774883
297251
678123
17353
431254
305278
437783
932889
393726
148334
18888
195070
97647
297831
313394
111796
570861
603303
986867
558816
827051
910480
325560
16551
786483
764971
48887
116685
122663
876534
50733
570057
605760
98377
384122
991282
456255
337138
871571
75882
892095
627989
524730
193753
208630
134606
643851
196070
211675
148573
717368
618040
937941
307281
433865
82034
54780
172415
213337
633204
66139
112059
371096
607917
537868
351406
324484
990851
737435
119922
324977
482405
479712
15095
717095
248198
249511
91778
907322
606574
337788
451797
895425
803813
953952
350764
89095
647274
908608
382838
158131
236773
517427
127966
442260
798794
16403
579254
5695
629222
236882
545731
83375
681866
761731
688113
297598
535663
920185
244123
318794
714466
170373
666753
991702
97946
69545
364866
62982
548005
817355
268061
624818
18113
970690
439886
658228
832278
483873
969322
502540
545533
124468
356255
569380
500910
93464
976928
416697
648339
62585
713467
308891
844569
977642
233795
502750
827657
525447
497478
530008
101337
462334
282886
582366
737387
617709
200581
773388
811435
164043
773651
326950
632374
321750
688471
811874
19547
856123
64451
530308
21377
595161
308527
781800
684925
18564
83726
494473
930476
623670
844999
830929
965908
888979
427407
49635
835002
502938
216373
363072
866933
864899
563441
376381
265161
519577
851040
216230
836789
522481
828514
141576
636144
868416
669251
461965
241893
967361
306375
796735
116589
273719
421562
241136
351851
153978
535470
138204
240825
865577
246772
323943
664895
430100
11654
354297
829003
682517
85638
888127
60128
818922
547568
471069
679429
790035
886266
735363
83176
981512
542186
486760
940043
779522
820224
233949
669265
611024
917010
804920
95980
448292
613382
971843
685832
652938
896007
264601
432117
100720
660481
913579
740570
329906
95660
250113
676106
307767
40118
65247
817610
585577
216228
434726
826573
371749
144083
387891
729329
368857
929631
654227
433658
63811
242385
638704
662933
296108
936589
85071
940840
662094
109257
259458
692470
367371
191682
348164
864419
896286
211004
696339
191
869602
371693
736695
924281
93601
274479
758276
915689
181803
41603
516785
601699
941484
9692
92775
19842
723650
531549
816386
263403
50120
812755
334488
144310
535324
116155
135269
968660
424054
191803
854992
126914
815128
860428
441808
622658
118909
223258
30269
35363
220872
407123
434113
224158
378790
382462
853897
818264
984166
875103
536888
595027
438962
754082
601448
968229
446280
949019
616568
792550
740756
375759
473506
590578
805330
457026
597213
649979
696392
744477
942700
323087
603889
629153
286534
383935
297968
421613
885739
813286
381745
944533
966482
390246
513156
325353
164621
75927
473009
824627
447223
423085
421081
193318
798513
545093
585768
721891
281750
341131
195607
214735
573191
832767
841465
680005
617106
747261
639064
149842
485588
581415
412454
525470
943641
904169
520677
367645
630179
791821
712851
88586
823574
606713
13119
169911
815941
69219
689825
768495
334575
617805
354959
551360
922025
555194
883722
256915
398570
286430
433286
552239
464436
346954
92135
373117
312974
834851
747916
844559
627121
448003
735778
52217
783185
59841
801060
101623
112829
33213
580715
427548
304174
788406
554727
770408
677366
807089
728327
20489
10508
178368
541460
927436
929293
56188
335161
357655
279875
338671
333271
856659
62631
32760
900113
533533
606501
140329
492215
898383
829979
317256
126678
207677
65842
682007
751320
755006
106571
250935
70998
841236
807903
30193
370075
292974
464979
629136
41090
87948
231053
544880
461504
560984
668661
445042
160710
51737
164709
836314
256240
420484
256508
801109
653372
977873
346016
335743
2472
369955
429539
824109
948232
506316
164300
665540
886326
20466
396474
125447
22317
788642
652124
884926
857101
871262
837842
138413
7153
946702
420056
181589
82121
552659
831925
694181
348753
256103
672072
950689
243005
29329
737257
353637
221846
578405
516398
47704
14990
32391
553202
890875
128158
656387
830034
407423
413010
524998
99033
256495
900137
14976
673667
186214
682175
268230
332418
247697
182388
417656
853698
514324
923466
725458
696170
176510
509757
472525
674538
372158
420280
200090
330307
446959
782980
418690
391462
747198
423244
725186
689055
914875
102010
383869
624638
411351
910073
950057
699280
508081
636653
506683
1490
584061
111049
714254
447751
91628
155048
478782
451573
80384
241760
204080
950459
849706
567550
718622
626078
452628
916882
381521
490201
53962
2674
758734
692828
561388
661766
137238
341030
308563
587197
567909
896857
36653
349082
584022
280373
545311
601899
672146
476755
792286
220304
107994
324272
314854
916282
622138
786405
609903
72185
789918
230807
786962
990699
402826
579366
802642
316732
160681
453041
324043
535256
997399
631444
272619
377155
702994
37512
697264
56862
794912
850425
372848
196361
796928
26758
84568
19682
275079
246726
940947
620356
935005
71333
325283
788152
806330
708378
871192
4398
163221
495981
792946
424539
566261
687982
580060
72436
845027
214499
838203
451366
974654
671227
157779
104932
942032
242705
78316
833409
21445
664639
126978
673455
630370
363804
252021
661940
181386
258463
434049
580250
901524
334020
583328
815719
201075
58922
852528
442123
674111
457219
776211
817503
310035
757180
279958
600485
140599
608840
929812
958639
394127
937437
951928
649490
753727
794187
833079
592230
741221
781074
299276
628930
731783
672277
781093
254898
356700
867271
889432
631578
997723
862587
640976
543830
186637
890076
267696
970697
876841
705172
182617
415056
112791
553037
261206
225836
923917
398491
338462
96993
310981
773434
879035
558849
557560
111159
459820
802955
784111
938928
294557
662903
450935
237014
435025
75954
421918
511296
448989
242256
886182
759980
853204
739926
438137
396206
735328
734899
222912
438071
81568
272700
437303
883068
760200
860299
642425
609134
867997
414805
738404
48594
287416
10430
353592
674934
788210
878202
637088
537519
611036
988887
438161
722249
376173
660168
559855
325655
352543
295867
704824
427526
196655
411162
612542
421027
273756
529297
398281
669191
248308
995238
998987
219149
830931
161244
179185
342882
734087
649889
312145
576478
745426
59297
840585
380454
982146
376817
178983
583297
209921
810925
447565
849839
251670
823844
382984
867900
378554
25824
571588
201053
725780
19739
21693
359387
396166
389206
773870
604290
197694
532224
101663
694547
558224
342382
212241
411536
950515
180483
640383
522269
294259
635104
115481
143770
13191
591959
136994
652424
529791
75405
361946
980610
760963
104059
233525
215312
939717
663006
227385
374514
92213
750606
609415
758119
225432
922619
604342
392630
391672
846344
270453
938499
133076
386627
419108
258184
530971
647163
177790
40574
885045
357110
531492
722714
412269
599551
435109
905743
135482
498077
351671
337667
779389
725176
794493
573155
582133
304555
629519
90654
109934
95918
807245
871592
148243
658888
402453
263430
532420
622443
117741
949537
127591
408251
567844
728168
108491
396876
366029
590219
582453
771372
31205
903006
931921
428579
830847
571117
895696
203441
265778
937456
685930
434567
817718
456076
856636
306837
289818
994017
58768
320841
156987
252329
448952
619634
804811
925920
565150
852151
292472
601733
758319
542538
552922
199386
7979
140450
149757
56332
570444
391802
382472
471810
290568
697402
431742
267244
947300
429747
387217
199309
120319
647047
974583
431726
614015
841543
662175
362626
261842
806019
438711
824871
881805
436312
307214
174080
11890
534010
389365
903204
462934
587866
727627
992850
854543
57058
421488
550985
276350
707424
428042
129193
184835
101841
295709
784213
603933
910592
751332
997501
489064
665130
879728
902714
108692
998281
614340
636615
530232
880600
562929
497258
657445
726537
92259
564646
761082
705788
928189
390266
726855
342285
583061
492545
818845
521945
967650
435213
736563
114885
671160
104947
733147
818697
144565
782126
659750
457778
709111
564165
533882
164442
791142
205030
899597
867740
219358
213017
911924
672714
316665
652032
443152
217733
161762
965472
745569
722694
250890
310609
461485
400882
678973
599613
667898
7282
860157
361703
233488
451434
492360
134661
350487
947469
618185
627785
200546
770197
348605
639836
858286
620003
870868
418820
124230
54353
880234
853111
202902
79158
219424
937863
891816
205133
614633
159064
698126
100969
785166
628423
699340
982493
48372
409710
782516
900918
536790
614259
585721
308033
733371
741466
920621
567613
438608
771046
243886
131352
594450
502607
795766
511967
644962
429180
310558
876437
696432
61226
600897
806113
577486
384374
374338
469750
79560
654550
735479
166075
793337
76339
541031
802513
291512
171032
144256
795265
889240
373130
192662
432521
649143
238185
407920
365483
168908
891342
533998
736837
150655
177836
913876
405394
21799
674885
795209
894967
251777
194545
876841
751785
738361
894205
869244
960886
737490
99848
627463
792271
43194
702108
508406
461918
814985
851209
783977
274892
525391
427611
522084
871397
652186
165622
786285
200453
828603
298223
147238
883142
497108
182701
628318
689448
796808
739390
56928
51981
200429
919767
275025
755765
40401
337356
874042
566260
201201
847808
224980
611355
745168
208593
594434
533788
181352
286885
981666
214262
890912
444028
329910
61067
3774
142591
136045
581398
593918
377345
90374
388687
296984
678822
252751
87888
551522
115147
561016
313371
236566
791593
495467
429016
399083
808081
174043
788995
174200
600029
377672
469243
966022
989210
668885
938608
654987
870108
258249
56746
238388
538548
958545
604601
240685
491738
351202
919913
253134
871843
308694
539257
621616
912084
543361
709864
878176
324300
182331
843080
940992
726296
735368
157478
260546
772731
768159
725273
435090
83940
308087
489479
468752
324806
540450
635686
597741
986006
198654
842382
492811
918611
922120
592772
273757
451883
823448
155480
205894
492465
318328
911392
553180
46879
975372
95660
194173
427665
806063
808754
464450
55827
439184
831111
721412
722461
853342
313725
372481
857116
959638
720445
219298
466191
618485
201363
212725
20565
229283
651558
841498
663085
267341
327578
619498
845896
164221
826449
79683
581922
969940
180438
207935
416060
261480
633701
869822
63263
940020
228401
151313
336007
276893
231390
739734
25468
275066
837644
564899
658504
676917
79206
925761
949844
43421
546299
585038
521387
393673
947790
190811
667710
157643
730457
694475
203645
689779
747227
444972
441169
317060
39682
545252
441922
460920
427391
819674
124146
334684
889399
782527
75814
443098
800234
930244
929239
315058
337612
568396
520033
339294
859352
140546
80322
450769
746324
676024
736607
629956
687072
191570
783415
245946
851178
181767
617815
97854
476852
564375
454148
345855
752965
148857
71101
359070
515891
994259
819434
933362
832736
488019
237240
579361
151915
903150
776767
927687
811764
142394
200655
770193
721074
677136
123487
681279
117118
968851
660393
3754
436535
149238
78377
829894
177613
476890
102633
663633
212199
403305
883142
617712
813914
647382
628732
138232
57465
122062
998059
11551
980151
75117
468323
815942
962194
280846
345050
162180
957781
82016
238723
300095
348754
709926
578223
763275
550114
746389
814141
231472
759379
56991
691649
392295
520468
9021
52103
756996
754159
539004
363512
533787
453439
535135
794265
914189
782421
494538
983505
920754
339606
431862
594797
762441
130655
523189
495766
559533
551067
102939
705029
928145
630674
174103
11938
135246
574704
346942
238960
852177
797866
307485
845639
233200
749700
315774
954209
789982
472368
43797
290862
636857
503843
3611
326530
590910
782057
956065
51632
54639
465823
698693
593682
695412
866901
619646
504623
424780
102799
354769
254815
331589
462946
397533
999500
196094
962209
434533
139802
911326
580220
138177
928928
379227
56648
289586
23724
137889
15321
948152
485828
279511
792735
837884
645549
556477
583507
350215
363215
919403
43957
532624
588424
269416
927170
764191
901777
946711
530490
726141
66007
854650
185115
636091
107185
687467
171934
997654
443401
604329
935570
97602
242805
949807
920345
348230
798128
989234
267338
880532
769823
635204
878062
513620
696472
867478
404715
777298
849722
587347
831004
885256
398117
933721
306477
6802
612569
543860
218643
164477
23883
127636
366746
310505
327134
476120
559057
165222
128349
913206
499712
286795
3742
442075
182693
128350
934735
886897
665881
496239
540521
991644
213476
266544
587885
670457
502984
246318
785555
773989
700168
971675
322234
410049
972156
890426
673720
296721
518460
597404
638236
436563
498847
947144
805120
808136
247377
233479
443519
612110
832938
741282
388603
950402
532312
84582
663034
60977
973619
822442
637533
896442
669575
309862
9979
489097
954857
288392
255100
357891
279468
16865
591226
557648
395259
987714
439999
608349
896084
873198
713771
383233
373923
479419
177804
602736
670816
181992
267093
151609
248279
171136
432144
431082
130400
318966
643532
870379
765207
513444
974471
571441
265686
996970
782543
228801
351454
82336
441541
83643
524312
551132
963956
712546
773064
415967
490651
795299
497108
361035
301350
830348
535940
669632
702955
825208
500021
535589
552305
825591
325669
817811
283051
597909
707777
404654
273214
376505
224755
391664
24275
342014
571071
507446
889829
223349
808207
574099
630433
698605
612887
74276
880403
765076
845508
768335
380846
672116
351015
570919
346066
9693
844256
145890
165550
618831
339182
996718
905322
846164
29945
578794
40942
51232
300360
359914
876140
563776
622509
754089
784558
511262
922324
554863
709002
575913
4873
463873
64134
718372
135884
136122
119397
13795
184658
427158
896188
209052
119016
464861
543292
843843
157904
873950
803839
766623
119473
301990
709559
239635
198089
758544
721549
177076
388870
542749
553224
945539
884548
403874
935721
11193
782997
983183
718865
455585
364182
422494
898703
159905
812443
694910
968487
831812
812217
138204
193729
923977
828741
998912
910896
439157
629883
268424
425997
121568
495704
881804
536897
97709
823698
695299
541607
278686
543335
667482
807
190946
614710
340880
826243
101288
31175
520119
644069
125815
290488
251307
384085
267220
458594
368753
438253
67406
940972
221751
179255
530914
5271
24359
132722
969218
432005
137055
354161
309669
600337
399632
479042
355084
137583
383679
263107
948782
936185
238849
889966
203867
476984
53654
327618
69534
587961
369318
793163
893921
522596
110601
264924
437414
920311
398961
838569
191128
309891
86635
812603
900384
847441
395501
578478
73393
266388
396197
38291
6706
237814
666474
270961
968191
858467
736032
906652
296356
543044
567587
248795
271428
534590
503228
797547
961972
664676
292019
661738
140454
106649
487701
876059
146497
258408
524340
150868
286139
272975
982668
711816
720010
344547
480856
586125
321082
154086
158021
335607
258322
787258
724699
977708
401292
826833
723132
504329
447440
396178
662318
617180
114185
2319
616994
154346
804801
722452
284554
180099
128527
378740
998577
422248
834521
521134
810047
894441
547262
912171
239789
208962
869919
985141
357914
10091
287147
928030
163037
9662
376097
237466
227438
433198
756030
160697
935265
782160
829439
558149
95672
41794
226526
338257
133689
45770
168358
395400
829634
353517
934247
387709
244167
724034
547257
99619
667301
530215
648665
178243
902487
783323
368164
620950
445792
598360
902330
926680
447384
450314
227899
814865
453953
545161
937890
336769
25247
679424
413763
451447
712409
386005
923165
153115
486148
8905
43703
608068
129985
868857
642146
458797
26264
870986
374220
267992
626186
827717
89823
482896
719727
126653
208817
424538
120450
373772
845169
993362
84157
218841
800433
259877
387479
259365
400702
193951
271884
726046
442644
708240
316126
726111
327234
764672
481382
746884
884289
194006
106764
859236
311899
389697
243029
236251
667403
78747
20892
386302
952440
911294
332665
605770
93178
295819
296385
670318
453486
417002
99818
245138
902727
202683
845580
293300
411221
554540
992548
709982
954643
554047
368409
447048
156471
323780
175604
795533
577728
16965
715849
365432
315229
73047
620700
724256
245720
70995
600397
667752
46357
623412
599556
849325
214876
327553
702921
242454
348699
583570
322647
303824
291674
725285
517112
258455
629425
136543
264722
224302
66890
80224
819365
434143
766583
374001
853601
721105
187262
833384
371156
342065
644061
553062
588005
132279
161394
17708
190626
700699
853132
48802
778629
245611
834050
959421
317687
570407
503124
118627
730024
89760
244324
279910
943295
921962
82229
694802
139621
229751
284242
956882
56980
935366
890748
878458
164520
584142
543430
332470
368011
617831
989713
225774
955796
900805
784480
367451
138875
420745
909345
312062
648491
547334
301334
410832
97841
211896
200920
200991
619365
474455
612629
307232
773031
17440
319432
297686
419728
594605
854615
827858
902454
296103
27514
235488
174610
832725
764589
584355
840355
49678
120137
972642
75422
433149
960193
699795
406982
546992
467987
341620
550609
340511
965657
811871
163211
371545
883979
120688
738830
319232
481931
31053
937217
644813
600288
674978
910510
316963
446203
512381
467388
782366
70929
812463
371133
968868
765425
203129
848766
256926
835290
432397
846302
868816
415075
734627
189267
782313
969287
840294
271622
177445
862820
541301
296106
949208
576162
254439
447086
413909
505814
59832
127834
162780
294232
726827
516872
992211
285300
185931
717464
565099
786845
388913
507114
4778
772557
67501
922599
52438
897159
875358
84660
291131
185214
823842
53711
318178
950743
358291
329565
585261
450607
943951
231600
551565
142651
219253
653521
658771
331958
5188
833597
337410
550606
481151
848175
689306
217825
664298
225377
399311
985837
515190
787170
963303
818214
321024
194
15273
508292
138897
86750
481877
822577
872147
384374
361472
231937
231593
183860
323440
811675
363002
907280
708367
301352
618945
848028
973804
152849
100264
977271
657138
166774
240590
62740
9636
782214
431826
945985
577505
577259
871443
458387
437566
342053
608983
321478
319693
441306
308699
411540
311880
914507
143897
19872
589694
767157
263244
348188
32144
269358
577539
571139
571034
196251
840777
870156
970993
458988
722959
348203
45879
880727
572724
919239
988210
890244
318676
326741
350026
104185
602461
581647
863812
385068
243033
204267
267034
742993
646926
959422
628399
685756
127885
344672
815794
592834
829939
550241
630602
525355
514005
536004
881941
222786
546161
423588
779196
359857
101536
20653
865477
892520
918412
977109
308300
266055
241464
439173
18
177878
137763
313941
248443
917019
940957
214071
649889
158511
864176
409458
376234
742266
310498
284424
839989
635162
683962
240916
725111
679760
568459
157965
453748
171686
57489
17213
425650
90770
553435
82235
85795
576619
129373
430602
553730
603651
182663
611107
942783
322448
66082
966181
333586
990389
716717
113961
584897
354761
970347
352154
565758
404096
513030
720348
680718
794319
618486
119156
11788
153967
311964
410097
351136
338464
791947
767504
939351
277447
817499
811685
56198
557120
571334
722998
710720
739545
414193
277536
13438
2971
823101
604040
400323
26094
29178
584376
541050
612694
328652
941270
388418
33780
840849
810525
797139
732556
888412
781940
229335
346195
519877
204363
635832
731845
304789
726277
150911
867397
492136
642172
97967
68131
745612
936412
547128
903353
79884
399679
982170
953232
558128
93750
197572
250756
596135
960693
520019
647559
19729
197590
885486
225321
180633
320497
962763
290139
378217
835993
226967
883802
748534
907022
202040
524181
311484
611301
592778
617348
44095
612667
462941
610691
639589
762083
191880
49083
443800
829854
386354
689855
952522
917093
385900
91346
956930
353208
291489
833931
739998
88929
716291
24790
359707
855652
494626
86588
216118
706839
443538
214833
351568
57122
95554
965099
515228
72411
132379
815159
401221
479058
849416
858397
386703
257870
583239
288784
163891
397194
862810
703498
483835
23055
843154
282120
287488
326477
448827
685934
29436
140112
628755
202286
158657
829888
883400
953269
354177
567650
6778
682260
830707
808853
709391
237740
96630
831242
336541
419725
759382
89991
35827
120733
664811
294377
450116
413829
576599
616313
889822
396868
655000
568026
479375
931625
329974
784922
791742
439985
177576
112113
517183
413715
520923
718500
472186
633636
977487
65041
736652
831354
277659
65836
382386
547087
176905
98637
873465
334752
916262
944556
351565
276117
216572
186865
415631
531108
82067
864174
883647
501853
509435
660725
494243
788792
751659
22666
657337
348767
593094
236590
753934
857555
884224
746031
489084
432933
650020
569858
180511
937293
970257
30928
17458
787346
831456
17922
772695
365384
592683
634408
49066
876354
154318
983814
58868
441238
553837
932641
606594
20371
129377
392812
116031
875127
