961461
973282
831993
239491
945717
956753
587852
789181
61035
982352
460978
582690
178373
519298
77714
723294
182300
565832
732144
843667
259810
883597
797350
561962
254688
200317
308681
710688
269833
784521
5733
568562
31647
743003
565025
187073
966940
564341
98157
110617
201087
897487
940562
269272
645145
259981
647182
743622
600809
818296
358667
805143
476645
662611
79268
280912
864941
726151
887917
269066
425756
509908
105440
914238
85354
122907
268906
66922
319826
332159
376316
141
762282
132148
340410
548728
371630
11691
365399
298974
429790
463956
553016
945486
82539
568336
446118
768974
569271
137274
406662
986364
546047
868671
340234
319237
99966
875460
381564
997307
787985
632971
558181
299993
590337
806288
665108
963561
917070
634819
710367
223447
671421
236217
715847
729001
425853
758049
191714
234971
289753
352261
767955
875446
212055
352942
27499
827975
726825
113750
762125
449616
377093
63884
169520
619546
522360
614475
456412
34264
169580
752344
865346
155887
59264
727350
697539
260680
984662
534595
726041
510852
880735
997994
27909
195372
13268
427461
229375
756619
831393
117012
617114
165147
908124
777954
965612
712597
888264
806288
419448
619093
759936
799035
347590
25920
861525
463790
568079
739208
762296
940394
75469
752514
808822
54664
367760
208921
350862
911018
624498
625708
221264
860636
761712
793580
784097
721223
900683
535094
228840
553739
231388
665303
949963
374402
701444
652468
527399
774718
910032
575908
742722
458738
214926
782228
512117
880250
229225
533823
377788
653806
762241
557796
618009
815268
956996
135124
943079
31481
811455
982058
291177
2005
307471
71692
801543
987211
53516
931968
170536
46672
82596
344138
553544
376448
481225
298995
821499
15630
207743
133431
976850
429234
425613
262845
515761
867639
401113
331034
74494
219130
157712
103545
397966
623281
323571
492534
85581
680767
91310
273816
972263
677899
370151
813366
191706
602799
947143
296807
721110
159390
55948
810048
538807
995781
506382
127250
856525
841346
664496
693052
424814
764077
94549
28970
656490
989628
274665
281712
151757
112704
984486
313325
998813
110987
798763
693356
670122
319753
49832
436264
192490
626517
273681
605814
313372
396538
436950
458408
760325
97144
724993
533777
501254
682212
657983
692702
149910
583803
94572
163448
237445
294338
875760
586703
287
758556
697463
571253
818650
606076
73334
585460
797980
824629
760719
659050
538438
350915
229148
218428
220719
587216
565735
835053
232604
362456
180453
873305
94506
516514
879108
568480
434532
681073
909744
332368
380187
749948
176973
554547
642932
15749
497234
13141
900520
269095
108398
278544
31211
993602
46261
515794
995462
780890
815900
821480
517119
362393
517509
515511
333965
834153
647239
167192
312618
92167
228631
384275
604177
22593
479597
978389
584937
902837
769860
905618
627736
646612
960139
772179
790373
166138
661376
654986
793156
190157
858189
607691
589829
800732
157489
469102
676888
946546
955437
235332
533735
650324
184706
177310
2449
814242
344006
385313
924309
815497
19036
312267
943063
137384
590185
336610
932155
930124
182696
566562
704709
253692
131782
241501
207206
866247
675950
851276
484342
59480
265733
673683
393776
581298
903370
845480
642325
111375
790604
173488
449583
620294
505264
244009
306847
811982
290936
185758
237820
636782
959723
641274
434811
623638
956126
837720
119773
355454
587658
339128
561160
753718
258879
465650
698577
367664
204123
538697
778410
847690
318389
596902
905411
40426
979770
192813
232200
134005
29699
75803
251100
528959
81764
153364
856231
127703
248253
421278
813037
502181
651530
146365
950643
41407
209975
98718
294577
158455
267151
126830
675354
70828
497114
49484
480032
883104
431817
443985
599366
740919
659031
843809
669016
954464
322228
148777
640378
631399
768273
864356
156093
577063
18385
487634
411392
60290
814266
702732
702569
565978
64132
899500
228881
309960
116318
156679
931899
503877
362157
60894
491358
980807
906698
67376
787511
705244
384787
855150
654506
9856
240085
569629
472899
786152
189301
515913
841342
968523
139512
720801
144064
529593
36828
870943
382141
952439
290706
141033
514851
851586
795541
826688
351318
671469
611083
991877
941353
458940
9195
480014
968729
535533
388991
487762
422980
563504
19019
164156
536707
780345
322783
412502
522752
516405
67162
599316
419724
518007
83363
553772
685151
851083
973442
393694
864176
326631
512847
976474
866517
23726
168223
825478
47507
123836
878701
351440
275625
926505
112033
174008
382859
358763
235561
88363
967889
75167
480222
368375
204934
566955
686126
440535
264500
156175
932025
358383
892932
429222
99113
382671
565789
288617
445873
213857
424942
949904
829583
634464
571902
43420
876747
830693
892173
911533
9168
769395
602349
361475
897932
865379
726193
160113
771599
698316
53976
890541
94476
737010
949456
84112
241438
433092
230933
431365
82288
382997
808373
440024
330211
821149
218548
266393
543867
216796
231309
913535
503274
964349
44564
79644
799744
839632
481649
431360
914159
905922
957854
707082
209231
593302
408092
694298
855339
701787
64222
471470
99925
108297
453847
687800
405345
442896
716885
297352
846181
894232
839694
246846
415851
967968
528627
527391
586761
987429
410951
159046
958231
254349
565900
671169
242644
91617
476782
774393
225454
39831
29801
76324
661846
387595
258549
106638
970699
61114
676735
684334
899855
662460
851196
826305
35877
498248
868991
596254
60946
775029
930416
540349
397257
992521
6607
137878
645156
7152
109358
224394
138177
12897
427380
594342
339717
887521
139197
721684
333507
471400
930037
938747
557935
400615
893527
557313
358885
917332
558399
124068
860656
434925
107043
492100
550119
573860
675562
640314
53869
87403
527063
549914
159679
841460
465854
545420
951249
392053
232509
131917
461068
500590
831206
985959
988664
627664
922617
921816
60074
788842
916414
29400
43811
942161
406877
346716
78960
74924
644207
32954
74829
108158
125268
126909
250143
320784
693833
134051
262319
685207
813144
584324
725250
808950
534449
487265
426222
505777
200263
62516
35449
624198
729081
60006
366602
922725
485932
409838
933096
275617
599475
789158
287664
39880
889486
981890
152779
734470
111958
390733
813834
587170
481649
891280
637420
972075
412768
939961
61791
905362
124097
927098
200549
315
843595
866336
277619
891613
624436
200783
677054
103095
120994
60465
447422
758409
76035
140866
499110
647499
504704
566503
286527
250986
143697
338191
287893
783767
55597
372682
946262
431293
9108
527020
753278
338880
88511
560801
850838
766245
35558
321383
43357
359288
814543
864901
500714
193870
789320
500769
215084
577613
816212
815754
813873
961631
73971
365583
598950
295146
598288
337678
405008
660256
839940
918155
95183
405863
227148
316176
977838
773793
735696
450974
695566
781436
765524
324643
735724
428712
562329
13737
515662
788881
785845
286246
817593
94954
324856
40311
855434
838653
426662
266878
616167
96923
