784189
597801
900510
540351
614037
833706
247672
842958
410049
749382
134813
138291
669486
785645
439787
735788
528023
859501
527985
915290
608632
892369
726351
932811
233337
188613
470890
88932
923705
108119
16046
419875
926570
752339
227994
234508
369184
81429
788474
493831
987756
517503
392428
117843
506166
913770
749217
981819
897428
239383
343264
842240
252334
423415
426617
825856
213584
567155
400667
577112
191598
43153
35632
811107
35847
85108
730334
621848
556014
759853
567428
507933
343231
905710
802372
531008
495037
156783
235511
145479
656499
153563
857471
502062
245536
422852
396941
445699
676343
606636
614355
861979
630647
589277
568918
236670
901776
97276
447392
90650
752466
186650
944910
599073
568739
140810
34235
779683
523978
623638
28380
862095
606545
742605
835948
578751
997127
561735
541323
54883
265576
616903
566812
331066
11198
293733
462327
850395
126534
809135
831963
572287
167544
621645
3076
150410
160681
961500
378255
282632
884121
77325
811518
535574
641009
160186
475096
556971
523217
631368
630047
399863
296806
980158
514232
80732
632539
706299
933538
195933
465554
427008
500023
980006
680487
597648
148377
337945
483431
977638
864732
103707
235030
445987
456496
450988
610068
435150
705725
289940
852032
245385
324156
75540
25581
980519
643870
280640
191752
978770
309276
668813
276111
241103
451056
608389
418818
188005
464287
16347
872227
969624
866036
86740
187724
129082
571736
235579
844921
355468
45695
61410
447484
797410
817748
925286
520829
769031
700957
546730
667304
262581
66717
156389
909481
299898
416722
747354
724675
271839
603810
518908
771237
147777
620457
684417
533627
927197
169893
878773
65905
89071
843567
736410
367763
261179
933346
225989
949653
105940
609829
978672
23887
969743
301573
427151
858064
876608
185188
881558
314466
929940
296886
547775
337932
996776
723137
513284
101714
472482
905550
474446
725624
58573
147493
507067
260267
220231
857902
688446
187125
91405
550180
350498
441653
662669
767751
849923
954192
899729
256078
882149
865043
744786
774928
707315
162951
416722
709719
594208
61263
394343
859628
429992
416770
241462
411071
8859
913455
877446
281966
37951
180224
794176
80120
775778
890972
377755
46955
308186
665361
159972
19824
208466
360867
134596
58084
686431
100605
49617
265076
816360
87740
902249
679810
404915
496230
246346
949653
221979
531175
906521
792719
613767
694350
36672
341453
32696
981800
75415
808417
413009
242515
930846
531947
984782
932370
342460
916726
783105
170270
292237
580216
591212
428874
382357
686299
344164
714960
606924
962404
332477
964570
925468
725685
813729
458527
321610
101781
862796
402753
255495
273158
234137
45585
131551
813694
514160
825843
634286
542938
735937
719659
668238
314837
198415
174548
258987
873094
919731
659712
569827
848838
274060
440771
734051
696245
870870
557436
537625
246025
923603
359045
128723
227487
971348
828228
952054
548215
348984
752349
34327
224473
660238
509590
206497
690365
30794
357667
432097
710905
351445
428355
216277
908249
321854
796600
434039
765117
367297
269206
190697
389703
338368
334075
747812
126899
390890
459893
23414
948887
850824
155660
230510
486327
938901
707377
835568
181652
336057
970791
786241
115278
387623
383556
543660
35562
79234
813246
800304
470099
301926
509909
580324
864813
367186
100552
168630
170926
556663
456105
878296
787288
809397
936117
429437
891447
382759
804286
999076
610756
414223
60838
478152
166706
629453
998224
188797
559771
900875
555449
742081
101104
521328
658640
781791
874622
292445
356266
417695
595066
741771
607672
201079
78185
627838
187801
80404
501148
832923
192258
226780
802216
678542
562120
299340
258490
623348
822126
379866
297136
458282
408855
849022
70466
482260
92580
318449
417804
45693
604478
85903
17970
527016
136524
100253
844646
35249
199110
14505
560248
605575
78771
423046
480014
570376
573453
356032
134372
353923
322725
150347
488449
550088
975006
41957
270600
905111
838785
949344
218205
819442
509448
628220
418039
119956
634003
982287
85245
588577
790381
209624
943544
162132
533229
353673
357853
856
745581
524599
204645
646850
580796
2742
145104
151181
250662
69943
640415
651953
419624
745741
559045
318804
510401
37045
827776
226881
546876
41904
616030
925564
552807
575899
233778
419118
622527
840587
141765
760069
485060
21091
739242
320595
834972
314698
119503
449585
836293
377968
609831
64812
488853
220054
31924
523790
651509
137423
499057
850110
514711
244455
404106
816029
115622
787637
311706
647017
875494
596368
994020
381966
361764
185632
342702
171047
957027
539891
81880
609128
911747
546741
276666
761669
636088
18661
562477
347742
395281
199654
768377
443964
620661
238365
591378
732637
139344
553208
545656
558046
934091
949632
763601
360943
761599
145889
4869
144144
328128
317648
61102
518436
438554
675847
631105
244003
481950
823351
349128
961502
805008
542817
628791
511660
232633
202748
268188
253412
976912
263140
92665
652234
379777
387720
804366
8060
348186
582229
292151
579776
615941
664649
456213
823068
592864
858280
697646
791204
456523
127114
214330
47538
65003
150152
166613
138866
56190
203359
953367
701290
943200
202866
799313
774438
945427
249717
361680
760826
303593
767116
57420
969140
916837
595422
424238
722423
509744
437535
457115
621610
119438
568445
880361
911804
219118
897220
447835
928934
295214
153748
77529
63315
748383
379082
782196
173034
869992
808929
188665
815444
910615
142387
984019
957559
772834
686863
656961
21610
469303
739964
641804
146261
101056
442060
76851
944430
644382
291924
716018
359950
6184
656737
404588
423850
614659
853784
245010
148387
193348
311949
268015
740203
358946
283156
918296
932197
428520
274818
681910
888639
698849
624445
617799
7678
174616
314711
667854
938227
997176
551149
935669
868419
88168
88152
695577
876794
522867
649849
89766
607372
541210
921529
456182
380643
680388
450106
438767
704795
487592
889377
646482
366817
259005
275430
337882
610324
490124
820257
80047
713259
138775
612546
767140
320338
988650
925816
677941
909803
476251
456356
38700
608251
351619
170096
123201
297586
336756
360098
770167
421804
122245
29087
164159
937967
537626
47004
688046
154851
892767
192169
816151
782575
55492
897894
844447
441735
327737
13180
369262
238409
27189
516659
28402
953958
281914
605393
181783
911286
677009
989369
994060
549882
565650
166485
386192
16071
209386
305018
221622
547589
63638
208741
153825
260305
201040
419797
123322
896005
930577
49091
430519
98670
549683
965625
600836
618238
567613
477139
402011
991561
805876
621329
100577
87084
181173
769689
584648
177564
161354
122724
547602
727176
251107
49698
88829
192946
544817
455830
756192
151193
674602
715667
283174
92221
66529
809783
469048
721359
356881
470244
495125
284702
672357
253319
24534
235423
975880
96808
261581
579333
225100
720215
296663
894954
265851
65697
441034
721883
229816
62825
306874
334059
116293
57011
826750
354678
145208
287564
892924
597002
37602
760616
974658
111325
744794
731687
963875
810789
728563
551448
651724
131094
625767
941504
332845
854585
314857
113125
195719
893995
293051
971485
475368
780707
800402
309091
255171
598513
869330
777117
853922
717411
26429
23133
865776
228915
879728
931545
107774
35222
731340
201697
782323
141812
184007
537220
366191
559290
19555
205835
840585
909076
220104
447495
376342
236043
793728
262768
910373
238014
151914
588080
537357
642975
557468
847337
867744
400979
669037
521806
110166
260217
705990
310224
283086
454663
463055
782917
908989
999123
553735
441265
639771
637676
251483
196509
293981
146545
682301
939131
226912
269061
722335
588421
960233
76936
607950
90531
803487
186105
746635
781582
642388
336763
968477
181570
286585
471562
612974
829706
65429
502286
906636
258861
575194
13868
57212
806710
577209
79799
855557
661152
92026
158083
361903
4000
368882
598506
860814
946228
639602
876437
819880
249652
966568
155475
824915
642250
629994
52239
723216
821698
317323
2190
307297
155512
931270
368338
28016
465629
379404
168036
801733
866283
591106
897082
671388
389977
988282
682830
526252
36395
890244
945639
374010
384595
254972
556344
706120
845950
759911
135216
117647
446481
588967
68151
427317
173202
777972
547159
286163
170958
441251
143499
340363
955784
203990
887456
496604
467732
255657
670408
79841
405530
558956
150911
386301
923933
197315
321381
419094
344332
901126
50696
184953
382683
91876
250907
76363
362833
297916
600619
687377
562633
694102
193639
838801
29776
210317
11325
743883
571660
737251
894403
16693
338735
18671
408933
543346
603927
489463
945897
225261
235117
19329
106494
266167
89502
934565
483129
564140
89124
278013
854916
695262
310868
900090
29974
476974
248110
636206
858838
990550
660538
57319
913531
612869
863533
275074
863732
18740
642675
135169
175883
492916
685120
677243
377703
67352
128472
841209
700502
926962
259658
656947
886856
675867
929467
820511
919075
958903
772516
90916
361850
404352
729885
985934
564405
732212
749654
515781
519156
223800
250851
918146
345192
856082
928757
73331
345648
940219
993729
422246
30564
878984
32475
800479
146807
882029
923351
13154
154481
471728
579692
543386
411254
888812
805430
595391
492401
340600
634263
986150
520772
504115
909659
608719
764025
785849
69114
74563
237321
400014
64237
433033
718281
104514
27627
835854
477010
376310
664352
295397
774134
450319
18422
337566
632704
29355
536320
450151
382083
204444
158613
694204
255497
813483
102888
68126
918354
206133
980322
938260
815907
430734
967178
330542
173190
301137
981048
354541
387811
267175
735266
376861
596780
32559
994985
610268
612715
820446
1237
553947
647239
35482
376562
602069
926464
229249
746473
292910
781913
145127
245818
391032
93330
266164
556269
844285
137303
141975
868341
824822
404284
117095
208505
748924
427823
884624
981
679419
862268
417759
975554
690520
555994
94212
281998
868119
874516
50993
762132
331014
355689
36830
615374
828145
268051
4459
906411
499880
21455
216756
877261
32737
233714
782034
536508
294915
413996
330484
979531
528229
634719
623558
149421
682889
30497
7588
850582
21170
968005
246959
37107
393468
765501
934097
414386
211009
395798
544553
103586
127879
162238
612806
822582
413462
768963
145019
758192
758456
51526
881506
893288
202184
570232
356882
169100
326152
869814
908831
83868
996347
714649
293035
488841
342363
183056
6151
842185
443562
596097
71703
121914
419858
752694
283666
857165
736344
630878
218294
624313
438368
37702
313614
423073
368523
154669
429319
467375
326717
13069
537429
257463
109395
361612
397381
445672
25769
738660
277853
174346
336414
929360
405696
973146
15867
551789
865756
187643
450540
430208
218134
32606
96952
935107
317314
585054
193312
905483
117705
308361
837276
826639
690052
485583
32437
181072
478033
521414
456722
44787
909859
685963
509324
386188
965840
145726
204773
188460
549932
359261
658847
319696
157706
897729
742030
641958
63336
71304
637826
34516
797924
840851
933660
174525
823406
985003
132046
660495
910787
711205
251496
220325
701281
127472
368112
542705
632459
571018
410871
97091
809749
449796
648239
307986
958111
871780
721939
426976
118250
459792
84355
465536
421708
69252
630535
816472
140484
814997
211766
165332
928505
960305
651971
220605
351442
900162
432674
396203
952359
174232
389383
818529
853570
147337
849582
449220
104328
867005
265523
51154
525450
603043
780992
263477
301400
855042
945128
222891
908758
473337
384709
703142
924150
548831
289859
667880
977650
81762
50548
948130
259283
823800
961744
194544
638141
723475
731646
146879
695811
343412
374322
539544
678654
603020
190278
903482
415929
369422
847396
783926
116668
113219
229663
5562
298180
474979
986538
996184
509162
47325
165345
669695
760316
180422
177074
254838
379286
249233
142906
125366
96850
309459
203980
180243
738197
507512
420009
961728
788535
988816
141589
90594
143431
75798
701932
973644
640065
126598
593817
954851
637778
466944
896608
377146
112790
513743
777499
73839
950079
658773
275782
114008
288573
194433
125890
666825
869421
347318
289382
780273
930988
116672
968362
694429
753583
776538
990068
717595
815323
230677
761577
12227
788457
368789
769302
559666
478205
727761
352798
143780
877690
352326
16096
290847
964390
64056
347227
596083
602796
390667
850247
402755
255312
288221
113180
542704
39479
184265
439397
20994
831494
5813
162983
963508
610085
255596
386061
910813
378100
11757
454318
564966
819669
252952
343798
920980
913928
244491
541444
679121
824031
971266
804205
948077
562309
741080
232516
451616
266462
821860
606609
445746
500672
635093
709879
683387
736836
263873
831110
964835
120347
909278
899365
567885
934432
288577
304191
311475
573817
581961
89718
517013
309909
205745
830067
408974
149313
533854
527773
685527
426768
726609
7675
374142
21568
231379
161890
201270
94677
831417
442016
479070
696714
854982
454001
908025
982006
179724
902311
971564
403018
894577
225035
597983
807054
973188
322961
357655
998530
594997
27107
280898
498713
828242
930672
705045
460425
546354
947290
846548
157602
869318
620895
146446
653642
738911
215032
181076
783221
857337
830573
944404
781020
593374
726478
194286
419305
353464
901031
589525
973033
491201
774830
143743
179711
787909
504794
581338
182702
614653
315636
221600
245123
909536
284805
253315
474234
713637
843338
216286
42463
574016
91979
901905
327523
975492
808257
570232
124343
940592
17152
259624
328898
814635
774703
971227
448643
785959
432642
339167
379307
101378
757336
13056
464340
143956
970753
827684
614399
841763
356996
492425
74385
254077
548300
484749
226012
159911
349787
607654
67331
766201
595099
362016
640633
171729
150445
634681
562226
757885
898688
603067
488954
855717
781705
345137
566785
441192
575309
340386
870755
287994
691258
301927
54640
211379
202207
204913
491910
824061
432565
915383
692251
549614
911737
388560
472147
319583
616271
524499
946924
136452
728403
673240
988226
907340
803997
206573
