639051
877761
10891
565197
977435
413789
406373
201565
59662
929261
841759
280675
510205
371959
209033
918392
403455
680999
547189
407832
526696
397103
729052
387358
870761
253648
734823
33904
656345
37540
291280
700310
998719
382089
945312
877931
166232
93388
37745
1897
911549
645254
217843
827079
36324
883674
376283
280478
494223
821559
386091
427499
848741
163315
174717
709764
945372
29632
50909
653566
210730
640345
385818
847278
147589
544469
424861
289877
440929
170968
809623
524129
84851
980872
760435
329962
106049
337296
174595
293153
416306
849245
242882
810218
91132
526231
241232
78210
879533
38910
484742
78334
743645
65077
108825
783924
363471
134888
423503
62578
317320
886875
374770
600603
487230
864249
428475
89318
917730
151052
217814
380733
466332
424326
591176
821828
785479
882752
899802
549048
716237
429427
734552
58541
164730
847435
833048
834625
26460
944988
463484
713215
741642
910366
912980
844863
15355
674207
81109
618209
895341
675267
764906
898735
783220
952104
527995
799606
850441
429753
906755
632467
314803
693556
829307
747696
249838
767721
129069
368587
897187
159821
764653
568409
102382
766287
131958
493647
388495
831127
945188
496210
987822
734885
520437
120371
842434
726925
29868
787678
294852
797665
602854
978439
581589
567435
861133
811775
755312
193916
367816
614757
882909
25810
609362
373192
28681
175506
120137
478675
261365
174593
51120
954729
420691
540149
544857
508158
278027
810236
698813
341367
549247
300590
478651
400917
392391
830615
779227
770501
29128
555777
840161
246041
819416
188566
136837
279107
859294
57513
144581
185451
912261
554346
439816
106212
765935
991049
193335
405649
544493
899467
471506
71536
806716
819507
788364
397049
729519
423659
967898
327214
157445
297687
919530
248326
336621
777317
311581
457324
640742
681584
953249
859265
291817
319800
446468
238056
250799
430621
773919
405441
299116
927345
156669
254504
269507
622225
150661
192230
685918
746527
493613
545263
836585
44255
354756
965257
975622
195058
95862
607185
42581
401166
110837
954332
394566
425338
782833
458758
173408
512717
805421
658116
620813
295126
668510
604757
892202
544129
67779
171149
20748
472247
481933
363525
157705
180333
124051
246395
698760
321913
702198
357430
181397
663464
41316
174538
631953
852532
246885
333022
635230
823856
669397
428062
140329
913199
690580
320458
87041
503282
552011
876616
76452
368201
735981
188041
722208
344319
115247
826578
437388
24704
934759
497834
291071
765201
411606
171840
829198
566566
144678
794975
525097
855580
431844
443005
659207
169664
716397
823055
53677
94872
288114
654049
647474
452816
565389
597403
854456
909282
335237
838706
285198
328753
891353
390993
748729
306366
701576
116329
979112
826452
718477
673961
435303
855380
31426
719816
922043
636048
804622
346980
445158
167951
987597
567242
270554
218786
187584
150332
434856
77995
934062
64997
27145
364878
894055
745976
551795
298903
712360
752047
192471
230041
403100
312660
496276
573333
274819
992794
767658
916907
45005
688939
618729
815480
67307
365555
335342
842700
571773
903231
120523
302216
281844
268268
400348
897939
944963
132128
469042
760298
700792
251321
927959
472308
762752
335829
558746
441865
324838
996933
809132
863410
59523
80342
505823
909002
847376
363385
144692
322523
419527
716603
110976
408621
523546
605941
983164
253019
485407
394660
960795
703385
602512
284036
803845
36060
506072
174267
692042
801227
774089
637035
823477
264269
384799
692849
754008
90404
862454
435556
694525
488315
784670
720135
601944
50186
722423
526384
752135
238482
393303
114404
361560
581295
704930
744696
213804
215108
568740
639333
400310
135083
821014
404587
338088
6036
303612
669311
830365
972380
509347
662195
513165
86518
38784
120897
61055
702655
534236
318456
158005
62005
209283
294010
766685
253646
368220
393119
965756
615586
301691
421119
313077
379375
294227
850171
522886
393042
264486
822814
991656
745992
664252
858924
181053
510043
958694
403861
296990
838101
862274
485002
598328
308667
43289
377114
63519
922165
980615
275268
573095
56506
219472
966971
755452
306710
658420
7273
634708
379697
440973
702067
863377
261155
518813
286591
277923
388948
475667
503847
170712
361781
151856
860833
715698
637672
943161
407991
685467
400406
265446
628857
405800
614131
126131
495248
649726
848923
496356
284392
53044
175571
855748
774476
504941
969384
538196
311459
965607
289570
337361
286863
946128
811121
460067
286512
328780
325001
835271
206085
881299
188186
698190
317517
474602
975716
610095
997374
199100
274399
146806
217611
827821
932212
686744
319296
772920
933280
382401
847668
424354
860069
10675
456270
325479
659607
773251
480863
984923
788190
646980
560271
993430
827585
151900
573035
636220
311940
266668
675542
424313
541177
897926
292458
117135
655292
707043
255010
281824
211992
718496
351651
226880
223825
23947
154713
364519
612424
336165
300396
403598
667138
920931
161053
881416
80768
850062
761068
514988
791117
284395
886392
335999
925988
350591
974950
878699
542753
318917
394108
519720
993542
723625
962749
525404
107755
295000
660053
402084
494100
718019
806858
945029
58925
595644
849931
794048
204110
67619
82172
572608
815122
199675
757430
313395
47417
629486
112244
901399
523887
999036
227742
652343
627673
202462
984187
536002
454840
471496
319622
797938
619348
98318
550672
475518
233436
245244
704865
896347
92925
872094
675696
125409
336073
197399
378197
477024
997394
47258
648102
657753
883131
117163
41755
163309
655913
121200
389197
322330
482587
475413
287840
708990
568259
440544
446878
825319
58842
32219
135904
223775
913930
735049
65095
150502
915901
295005
224197
220818
229204
881750
460837
961522
757125
266978
774360
368329
647364
424910
524423
282667
345952
847059
548845
222442
528359
85604
913411
164709
844630
277956
618908
70352
120772
977241
734569
166435
684431
93836
893243
193559
996743
56060
178146
584124
546467
263832
182991
941687
110885
252291
102648
286968
297466
569624
318570
335263
683931
515408
947554
208765
812369
4101
699332
725896
419674
350461
661468
240740
989468
297944
190286
690669
192160
233160
181964
479882
853766
103657
396256
662493
33503
403686
280908
197202
925158
524883
196210
250393
609141
521171
951918
379123
55988
728026
530462
924813
617748
944362
992061
842978
76210
707922
153479
681850
39849
834118
660243
642092
511713
127672
307965
685775
885708
971489
256227
984218
896716
612706
994068
273923
316365
666215
844987
480610
600120
726718
536022
658354
900360
562562
630154
365228
673656
440321
940854
200865
549269
297866
765345
89183
816990
899588
952935
129831
488051
580366
716118
344893
39419
414605
108082
226136
474913
528500
793653
162790
235856
238439
46410
6832
321353
161159
182134
416967
859430
112066
301582
226693
694558
666668
582211
173172
286650
570680
736018
278839
135483
922856
846964
264538
723172
727085
448855
524333
930702
116651
845623
908481
666103
288934
519892
365769
433032
417567
32029
272943
515828
324101
800017
868244
438581
321118
661147
270672
825713
750169
557764
92118
236868
809182
406615
792164
378411
251228
265297
859600
985826
103190
106383
662632
155723
648050
760007
79215
612552
872370
669846
187486
927320
664388
328529
379244
360939
907975
582118
930120
587730
709429
593848
415779
383244
950566
245291
588759
261900
110124
493819
772557
603322
785452
316572
644767
39825
332148
580715
900604
647668
809380
398652
111848
119720
435744
853171
982245
671699
694957
809365
124159
346424
152
218607
302525
261070
314840
598101
905619
695578
397159
235903
680782
621767
358039
266890
713577
524051
796008
422085
602135
179156
439555
868255
1244
63816
471958
861592
730614
271715
259845
644256
701978
385053
426800
620224
921174
936603
611542
807881
46220
586242
837012
752310
92156
421409
851020
106715
865737
128183
718484
119090
134472
492163
981700
819407
732266
174416
35452
975985
217375
965527
833102
222131
179606
498334
960302
117198
317638
915694
602586
516187
682153
437550
887398
823106
988612
593599
80755
145249
638208
908075
411000
997447
77168
404731
719398
54935
53786
499847
559424
832500
477033
811674
991499
157179
600585
944973
400404
943070
839458
148524
506469
720450
927780
633477
266906
800913
203615
235979
287831
101784
249196
360989
671436
62188
431226
226473
905238
221176
955547
59051
896147
789597
543912
141257
250744
498165
968243
882389
851607
738910
251325
48548
586414
144587
42498
903137
595229
353543
203509
549395
306096
141807
485396
371971
499029
81119
756309
500780
83743
258598
36278
71253
977767
251884
744933
474468
432729
200522
552422
894825
830328
753783
962957
141916
754353
300179
385886
499386
530701
500024
953604
139357
240234
982665
713369
486651
350818
149730
672667
643059
589616
208194
49943
804199
478782
108550
188719
907077
332698
880329
805277
628799
442937
317824
189183
831565
400422
55245
900745
998432
535896
10676
739913
607349
645449
629955
810116
14301
306908
415749
182652
150963
105670
487846
211212
396444
951973
84594
169966
546938
753257
104617
716198
56974
207791
621368
239567
927613
801832
908892
645523
85861
36662
855403
935825
279362
312517
642283
67521
590845
798136
345809
398610
301950
889878
475580
776015
671412
448216
24300
584707
245021
103009
63427
831310
710807
819270
815799
520644
313713
123299
321654
861669
276404
121868
370132
927773
165522
617525
139992
349984
297615
764996
284661
542770
597673
163405
118561
912982
763345
268521
351397
299493
392682
459083
657104
234110
97339
271921
478321
129377
893066
353060
694046
886982
407249
207654
62277
116385
462082
185581
523900
247318
359891
700354
79018
422410
681140
601250
387834
639317
53654
252796
911725
974416
879848
890120
415176
11336
495501
913416
262169
823666
390375
874521
891665
991615
423443
558216
138520
41219
83769
683014
697713
658439
411208
375726
385320
777025
487254
553008
697022
94766
450799
673760
787181
539183
368938
802087
907015
193938
30252
881891
367177
728212
629236
570458
635474
650376
668526
711721
56617
209334
878196
748928
728064
613914
940886
349903
324307
475957
242896
868362
384483
664215
411432
706415
311327
165031
98342
745764
9497
948955
622398
216736
584264
911986
791341
393055
768279
287007
301331
24213
912776
37840
365729
95541
178758
137631
823958
148136
450335
87354
996765
59865
131277
114834
157870
717561
231071
990757
593410
428184
270259
460307
392489
634354
25912
801485
433088
498677
937421
522318
872608
662825
923371
553761
978092
256517
986950
190832
144538
533109
937998
411351
625852
990868
229821
157476
888791
319696
748920
200993
90230
943304
202589
727986
911165
915718
662089
502283
103361
417582
924095
432150
717501
502813
838570
341608
373391
973034
600830
138456
713366
49440
216766
384886
723509
848469
532418
279198
296494
553009
668605
516692
481281
824693
624505
511901
520967
954113
794834
456591
760466
741800
580934
803325
962413
483770
638918
690292
938493
552775
594908
288460
726967
432150
926159
429312
438130
999138
380420
554607
193620
22768
281272
842221
472786
190106
467100
583586
434551
477951
754258
823718
326278
20897
105306
181020
353065
133143
27196
182229
157199
122807
210822
812737
371441
699380
881861
639792
313194
173987
694291
968176
331952
199366
300568
496511
195267
176851
390685
256309
719142
437395
392627
863861
38872
35371
917072
404740
130124
659332
502280
753014
152467
622454
726772
331420
796630
33233
748283
460065
494341
288360
410046
416086
954153
457230
797788
791448
25611
778473
188901
332290
801334
499879
347375
798897
346008
464791
162796
6074
743878
6331
969907
48572
788753
265345
653460
655442
806806
963303
450599
33635
518676
207213
99261
163721
649032
250050
659312
168027
303855
832042
227627
461389
530814
848892
462871
293466
28847
563404
811583
675187
559098
30282
582365
469607
666579
694405
650340
239010
104298
739300
95777
106390
880489
108817
270236
683220
159840
40839
832369
813157
970086
120068
368280
956237
302389
355015
847941
872627
107505
502617
229259
61943
352396
893681
70282
774483
788669
847786
244654
707966
582128
323876
527393
330944
536385
180256
999355
432795
773383
17710
913066
148067
954499
211265
777887
955890
517010
132669
251424
889479
826620
651936
258779
236488
731771
831318
568449
810707
528653
240077
98278
736753
713382
657145
372155
500561
618949
668555
372143
519048
50907
545791
206519
920223
30246
976832
242599
299574
572477
684568
238906
17646
270187
710956
4505
909334
917613
593092
999833
71837
71091
387394
606665
29179
380883
5328
376710
255029
841201
487773
548840
763514
26230
904430
44383
71508
400158
839670
957425
722380
125795
509485
559714
83673
545688
227174
29333
581544
169822
339043
876082
708944
365228
19412
369987
384915
900572
957304
257228
113056
383344
22188
286908
841186
218465
536843
191964
794995
61050
91568
585023
364320
190648
661384
718515
413413
545106
163103
680711
107899
776451
444521
495732
898929
311317
211898
287061
833803
692941
813288
15176
328924
555088
711641
937280
78711
177032
145654
176594
387924
15631
247762
252124
305613
81435
690696
968173
930209
844238
354372
720056
937037
466758
763292
120724
577219
357696
591483
691261
895669
804060
537901
30895
357131
473991
440039
768878
222207
555477
875235
360132
311997
521901
917988
318633
325750
453348
968852
398902
240451
648152
8911
665622
748840
248171
775609
332822
171000
10508
173116
404365
994617
381530
358951
833549
130214
48524
270461
769301
681614
394070
876786
374364
386762
84866
884303
479338
769996
694270
873521
201186
340978
653701
734519
732374
708742
819849
361827
112027
417533
822537
422723
782497
284147
361314
934976
321389
967771
584908
580713
513741
100466
43973
895749
240755
789528
322198
669359
381100
702947
783307
589574
402859
358764
473270
716219
58499
276682
255459
840619
187885
694961
69489
947275
970744
250869
182145
180169
383846
310704
489758
755173
996877
308916
412073
520519
324471
477709
388039
633923
245246
983455
815121
695462
525470
290110
904325
300680
519703
633074
784394
822795
685401
795109
93969
526562
237406
803512
839663
236916
481501
854334
118768
562539
327043
838925
370983
676108
120133
617784
732462
423600
537937
204742
412827
999742
907942
580919
998493
513172
149539
85641
706285
71995
763417
49836
436130
782236
118853
695391
654475
134069
170987
941768
897722
265725
982861
501555
717684
255674
163280
251635
255234
674343
245495
884442
441420
806849
976403
868683
903668
171955
619805
429092
413615
969849
11057
464338
984999
772419
324227
142958
285896
499419
627672
791853
566949
769664
470434
311985
989312
181621
113704
186544
516570
181787
944597
636645
256045
582003
692152
852989
366124
776531
439624
187281
934860
509992
4482
934179
629980
186094
624760
190312
555129
87657
164045
10246
512470
100144
359065
789407
565652
427143
717859
61352
459773
984628
216680
937683
72608
96425
219766
359002
562087
694444
171372
7912
868113
818180
803505
895409
739806
528844
981458
427182
460809
957662
759253
267581
10494
16552
344189
23378
496257
333083
940654
976182
93320
665218
443116
971014
43070
199360
310791
417812
701554
73890
432677
636597
76162
321170
965782
566036
469394
537359
133353
86179
840408
104393
381509
377980
468059
317882
345040
590584
219258
188977
554504
554143
145964
707838
139195
116845
428583
981871
946853
569070
801694
927723
925816
164152
932248
456992
869241
179407
985855
956591
371483
816118
56777
906672
598791
334544
309326
656857
170943
549879
970579
727788
275588
849685
858574
968503
599745
654073
419180
890119
785725
11668
496852
556324
198461
469067
913023
510281
798433
268653
430248
557011
309601
424889
908365
772997
874055
960280
58550
868089
514950
423998
405299
91576
197435
178339
765458
389288
143378
93763
871497
330017
475830
998422
426065
116035
897739
339508
336624
810974
59601
952949
517099
86410
892922
501558
694174
634452
596978
765932
510758
425691
903556
551198
863595
45922
541815
733918
195018
485520
656020
370764
575375
227048
156499
508432
839680
740951
797460
727808
423180
696883
949384
842761
347487
109885
807279
841883
271985
559876
418876
34122
964795
576158
113211
928471
387724
164025
946782
422363
544505
420897
623481
284738
555483
970996
10647
791217
122841
488091
348928
559065
739771
204069
184068
175747
699787
301819
345207
53121
38560
725148
491826
36045
194234
786181
299654
408300
71472
210376
179613
780742
38305
514732
934993
168423
559198
710562
875572
831624
589766
37633
276263
893988
122442
709335
369002
984667
731827
689678
838260
401426
967060
241960
617448
962355
838651
258553
350624
628208
877293
471829
926503
503122
946640
952097
855044
964631
542574
526801
408080
114339
909061
128001
749855
919561
604502
640138
400740
12327
723461
89949
33642
244873
875088
203690
928900
734022
871495
528858
922
913961
31231
931511
234259
45827
573439
545784
683626
581267
78986
238182
758153
679249
649680
221479
564001
563871
178618
204713
169002
701913
892442
806204
271568
4705
731069
795498
793185
173343
181372
757219
15302
664609
418638
327416
73692
228611
816615
981489
89342
713787
685611
681096
59469
985380
91780
307763
930932
280866
778159
912391
329791
171063
245811
426539
137212
114248
537635
42787
281424
33157
683214
672145
543494
174873
48220
133871
389416
519360
275799
184008
938885
891877
630114
810531
96751
757005
796562
797792
494983
994681
926288
391264
990485
566140
101878
179961
860082
788869
533
945365
839502
610592
289149
416455
885796
169378
268685
486210
166259
659318
804136
239775
543174
650585
493622
217447
251442
249364
486285
251466
745085
565959
487008
283719
906806
70632
190092
997126
86855
392734
542960
250715
550050
274012
855050
994533
609558
607520
744883
539496
552111
146592
190560
829751
289711
904903
742340
872111
674203
813519
649466
798339
893735
302032
624889
804835
767803
459873
357922
924187
282492
123915
869850
597584
546256
710806
468687
136874
228898
86535
98255
819873
159755
421088
978467
452679
817038
619420
34264
363691
665579
700215
385450
257626
150596
816097
471464
191805
972587
742516
345091
385706
295966
671135
930359
56991
948751
489013
528149
595534
984556
585738
857826
530804
769064
685604
792162
172021
817218
723173
99483
95223
860222
347139
223499
990963
698317
704736
498939
843504
147350
964137
459893
690126
408353
233498
480210
609506
316669
918992
740920
648661
720736
157388
81320
885614
379635
248015
967803
90193
221346
664091
499456
225507
601939
402798
373394
395154
864097
289729
256206
743636
88606
586256
234814
94269
290773
650649
468127
321607
141370
506472
851409
662753
899435
866047
264211
134356
156404
793497
944486
636259
159742
605920
942417
814655
942970
509456
902357
400371
997039
689953
392261
360880
114589
651820
757037
834863
934028
62982
441264
454608
573577
882179
4358
714289
392434
944608
625927
420305
382654
641250
120540
930441
911243
57287
744127
259577
32547
160686
805028
923769
945428
895800
58999
10382
59424
405108
773400
440045
388521
242495
814496
802532
336376
44623
376580
864339
825183
132229
618980
835748
149908
414014
459150
891501
244592
737051
615022
593786
441808
470712
606972
596971
56157
632905
905279
688386
431038
907783
89071
99950
302317
420159
251126
385254
695937
994096
144273
844264
743315
949326
74834
244227
115353
315250
856523
252443
733714
230197
419324
798038
824733
248468
702550
941626
322364
10253
436039
662190
959504
302439
253257
764992
588691
636893
531129
219495
211
54926
438681
794212
622316
588742
370174
62443
239142
917648
546437
807713
253113
108477
309350
664404
888088
541741
352488
589987
513082
404265
63583
496848
391990
209922
917379
447108
824992
730466
980478
85512
836860
291095
188224
911780
720878
594944
295454
71395
237443
428809
594601
244155
619085
435209
334003
840464
989839
326756
748458
14518
534204
850317
705519
305592
334914
196765
557747
47361
37244
643147
307210
280520
459683
89352
440052
854045
302640
388038
516341
351118
681852
744980
828129
754681
29574
509133
618341
646386
331319
158647
569542
438387
288319
875041
277705
431855
164826
268835
568544
444822
575638
271700
866859
347765
517290
214537
636068
303999
685390
527080
292865
643801
9526
96977
641887
969110
449996
692099
920299
275052
786170
629627
490827
417857
370895
634534
121329
621912
461844
194161
81852
366961
822410
19487
370755
742062
902160
954319
842018
570996
35896
141543
163947
406918
542314
389274
580817
47928
103498
515523
645207
529570
536738
977540
664934
139280
343632
725795
216319
982925
429935
632890
958973
64059
502097
882097
508869
616211
537875
577583
896754
665906
979631
882875
50140
891560
366925
775661
440156
893422
128557
895893
30634
971548
154096
34005
60963
497095
943774
40178
227485
38804
382477
146648
272005
634306
905959
667583
311113
559787
413491
188749
598281
802912
731958
56697
811439
319188
877890
526734
792295
713654
382620
852609
52243
708073
107822
421620
731057
179949
58528
