601555
696562
318654
36490
172800
571661
441951
727926
546024
813337
410338
56881
806847
528788
7586
105508
800552
532622
254762
334496
389592
760489
298634
663250
916301
167091
951271
505683
815043
313681
211681
809029
435414
578776
881118
565225
274236
865085
793878
894781
453294
945689
74901
340098
280139
448779
893749
489127
461423
634651
726237
525274
417995
867303
35729
801436
434000
71504
466108
765572
650023
220465
655712
385534
761079
448728
574465
646270
945829
815876
720320
516456
826344
449703
31580
551439
144617
435277
608295
214464
174185
473086
288468
697959
531089
335403
444259
10778
350070
604132
162319
471677
509934
52000
276685
123537
571266
552837
80051
674183
91968
240039
327358
164400
587836
209312
499913
631032
139175
480080
928015
474816
202087
602500
400925
511119
999693
304737
773075
33864
945391
598477
561939
835631
746971
189973
908570
732948
890275
335910
7832
940843
753971
710584
313940
991432
49322
142201
789918
220494
905679
683087
365942
86690
416742
140024
265865
403574
390649
136903
65281
157799
913161
621468
916509
867303
233615
463422
739918
669178
792382
305411
780546
632571
373378
718984
579058
894603
985404
247615
410290
896418
835106
836266
157373
207926
378320
946531
299775
792656
725328
362965
431184
758185
563426
618288
231078
775177
698999
238184
821525
542742
318420
127160
446427
893179
407482
415752
87475
399893
746318
3077
540813
643513
199240
837889
300600
794608
75330
143689
453280
768070
185023
230053
849451
965131
669765
945593
645192
759301
14581
360491
427646
485306
550435
358697
516034
594833
952264
550799
334570
610137
638781
791200
488958
590193
760981
864481
801386
339386
338680
406552
711670
764304
599328
923262
959425
312820
959871
746126
644646
229069
169308
404768
805795
915836
425417
91569
639182
178608
58564
996149
735062
304543
494838
127750
72334
657033
445332
592377
762022
186194
935994
653604
644334
940657
392426
58621
412388
473108
899040
868276
709186
200444
728072
661593
684686
347997
804391
554716
720193
108410
508541
123394
595139
146993
813433
96104
326783
170024
353090
959657
534517
906169
638669
448997
2928
886286
470861
336713
725089
883993
816386
221317
164257
594464
560531
113522
552403
204505
121074
238845
4425
686050
168894
202432
422435
376294
196803
26203
607752
157979
754724
931778
216179
454956
519121
506433
789889
56950
141987
856462
634924
238364
84910
328089
497027
596431
615568
630809
8041
261427
671947
692567
622929
197780
705128
240068
699929
583796
813458
661184
432944
261940
989818
189353
124796
472002
961235
963000
797381
567896
749649
292940
811007
775409
466525
374241
883235
986852
159105
854559
997238
22406
466673
865229
491966
697543
882312
260810
191536
366049
638322
382999
496227
587314
68751
74423
829378
382800
635094
574104
153835
514056
612228
457601
759931
391590
740541
519188
336924
102929
98456
260779
721985
304475
332529
498414
228985
894019
76419
528515
715297
288731
290934
267472
617271
731580
297820
829879
383844
744719
867200
543494
610745
174763
932197
2580
685841
435563
951545
953786
783385
682812
809051
526402
719570
166050
423669
490342
300486
321927
195238
481327
370907
85582
258870
341379
910759
706719
237895
321740
450789
762259
560527
888269
437935
374614
554280
280643
35256
164162
777796
448894
387167
657005
458744
133637
99670
826676
677859
759237
127861
967383
962092
248453
4535
46456
428274
482897
464837
603314
723577
95885
351055
357824
725991
564367
252412
250427
780726
642718
624173
750240
210971
298798
357975
663980
627363
41251
321263
884420
611710
796550
604665
627749
457861
42095
306528
326323
655769
850428
122049
74547
385114
121392
131198
506037
30418
133095
473665
998364
178332
139097
928643
683187
166648
659836
437291
296952
419673
155362
831639
789542
173431
58669
682558
986850
425678
535043
315208
19100
472585
363463
546793
157484
655559
411444
97361
202600
233658
41384
245738
500531
803979
797808
420370
748168
51869
323016
88791
664703
533001
119986
99746
319946
896320
273268
1759
963319
998855
452631
691145
48691
492446
204576
744288
590849
410615
957950
381164
182238
111076
187791
679605
37594
430009
736819
931473
711690
334583
520840
590734
812400
764929
570598
567836
525041
704469
452871
255624
514468
722402
784023
769724
205258
772021
641888
232785
997749
482099
682952
255879
367841
520443
811408
53001
865484
857138
105914
932267
829960
572043
956053
399499
28624
419680
129610
533306
206638
51528
809539
479375
519537
190866
684476
620307
112021
357835
964481
160804
40893
843575
239392
473264
366302
503343
809431
101094
994517
459265
661435
642559
456229
133665
282392
977790
539795
801608
196693
245565
378662
832477
32869
818759
531352
801893
581169
218854
510784
941271
766846
57850
100367
49342
676379
707092
255233
319493
645463
198163
30178
477267
429335
456427
39209
717404
541686
67385
254178
590769
82978
655459
951230
113045
322989
784522
583548
608527
754229
586004
93264
84539
136201
32343
840169
365841
245812
264509
708409
698468
104272
381940
166760
307558
89240
562370
277930
740932
204269
6137
151397
408568
134501
298954
582233
512767
741998
374475
286427
201056
408602
429021
697452
876137
136267
813379
864694
184567
773512
79146
468745
296564
402917
201396
923768
159126
103052
139696
882855
276493
996508
576719
829068
331149
648674
489107
687161
160145
225094
123504
791063
107127
961225
486025
857668
801444
576971
21531
799248
273103
923831
430531
879333
591126
441873
579226
763952
337549
200300
277082
363656
471223
739595
425785
120201
605452
159545
118321
355189
690250
392128
613294
222738
384355
427698
790355
728263
763612
628946
327322
166656
236670
953639
480615
652066
89544
617274
365816
249177
680100
767126
130677
311603
636289
117141
607173
794180
897082
233756
151179
513681
106008
151497
378817
412313
316333
63204
145454
455268
243100
175394
98146
253952
124231
307021
447165
639531
444763
672766
648899
432207
852307
168574
871335
155223
823903
819942
510585
713371
836467
869867
361557
104258
785911
175362
822257
584848
212638
191024
303406
483309
244910
229079
821793
222036
316080
928261
891728
632897
609215
417902
932535
889374
803106
700175
922548
36010
646348
81272
991594
845631
508279
593217
452002
976270
474056
814038
711137
527533
67954
440409
210250
108615
96324
2576
388544
14226
113678
245960
525708
487438
539748
597343
15935
43582
647126
375111
898474
127727
315945
147764
534153
609636
906025
157007
168346
963891
174439
3687
305026
151546
879582
811264
396593
640048
460383
886354
615264
531715
365158
806542
652708
417811
51648
503051
8407
751409
929720
361170
873553
409296
988886
362171
846639
994821
449307
991185
593266
883191
200340
922785
791933
759847
566904
234000
339061
710604
170703
193594
379698
337851
773106
159160
146753
192843
355584
248803
579734
960424
610086
446929
522867
241879
5176
198000
36197
879040
192726
12993
408274
169127
947606
206653
71846
694366
903381
36733
531357
307218
380377
915025
943132
716966
685230
327137
47750
941111
957569
835393
249279
738467
7100
747097
890152
916033
406035
511092
651599
88774
684785
123503
123788
661892
98806
431938
888254
633328
551512
929403
556220
785599
801175
631267
269679
833454
55903
69238
979175
995800
598619
736226
580570
521222
376024
897967
463812
181978
79091
656069
966833
617022
48069
234891
978458
938236
413781
183395
751388
708074
645512
354700
108842
919765
676392
560959
233040
382847
611175
698385
791681
539241
693950
173222
490298
634208
905621
233202
955835
451247
326648
795803
247624
888355
425976
694964
236906
650454
223218
406132
113159
337998
370261
526584
613868
874955
966379
396927
177346
455565
808682
983487
226772
247484
829099
486056
785562
468231
275082
552128
198768
531596
300071
382874
439069
304681
130414
855722
5704
224183
310078
662417
204233
668179
601381
53267
92425
567649
657323
172809
855604
472700
176425
22400
194310
675803
562190
493887
416509
621954
787045
199617
678746
560164
60670
918911
782775
746233
435378
302532
742138
817251
515528
582676
139758
394419
919482
44257
23123
254508
288863
109754
863646
59022
996480
60029
392703
806606
518282
152008
334094
707012
176201
818828
764842
240098
520873
846148
73242
65251
880658
462139
667053
930150
598501
686582
835229
441170
30732
663284
811047
144938
71474
91981
627785
576118
281140
738334
669375
132566
277078
354116
366924
72871
18407
482100
177
452107
813917
738006
770265
679449
183229
13650
215103
587397
816528
977224
902750
995429
336514
903869
787856
58945
689242
643182
196725
919839
754293
690990
132140
629522
168041
657709
549985
748055
312812
7615
781118
288070
788259
3786
238832
744913
426974
32223
714621
659817
591038
299922
867995
804095
461992
780498
486362
342992
472946
932871
911744
720422
700292
970897
631787
78466
735667
416768
596841
327433
28289
871094
496085
121786
880871
128664
510020
651111
732712
247244
953106
546018
531471
548479
861285
166686
197155
425128
386237
354582
81728
718005
188453
204118
942446
762292
27185
395166
275116
565450
328690
76380
993421
433485
984944
888925
74146
11962
670976
282654
991666
920285
29497
666978
973454
18573
796520
367984
674309
369517
102233
3635
70610
676325
384809
625025
497534
66726
32560
872626
433413
7226
890277
549251
233146
439593
663233
138996
750123
396079
422956
60998
817010
752285
840429
127164
249164
864206
290280
607998
637125
290115
437152
974808
504477
709826
710091
623613
838117
133957
493089
137525
579493
500960
550222
832976
953146
431654
800029
27667
897296
510145
200440
539329
754779
3146
869804
89468
89185
367849
580691
644813
681674
295691
799034
223340
351023
131997
197608
153400
943877
492237
358882
288979
865235
749383
941654
616534
615091
984973
198516
190480
913134
610494
672821
86493
68965
734092
412383
176424
486995
193679
312219
656868
16262
963859
591254
406847
141714
16264
261752
687076
431287
895006
202964
537596
448317
330098
708807
246499
542135
281323
333123
684112
225542
318214
381364
877752
34274
705437
920021
377680
744606
64251
331385
767547
992938
126340
180685
465415
156804
23654
275456
94160
424087
273427
612243
198399
56026
497290
307565
552542
406898
763609
288417
161827
130225
701041
801134
509590
703902
177033
619378
44637
712150
899387
454756
32309
778011
305694
393677
685511
661142
906109
193444
339706
987163
851860
75519
269712
646836
402316
325416
866374
218199
945555
362749
750703
61848
241752
561819
442988
973458
552398
349571
529393
859099
267045
876888
28746
310985
608604
796962
584615
458617
507465
360513
942282
205350
663170
410521
303789
597472
586412
289786
487048
816404
690579
143767
842078
667276
752863
452444
840328
467722
271969
92563
146074
286550
746250
46711
426997
441861
267061
429040
925714
269092
467307
827885
121798
328593
251694
338219
339303
622792
396088
118582
763823
832305
68122
702115
39726
703896
854917
728759
753126
563611
928288
62737
756989
930970
878484
215333
40648
42899
695348
214212
227197
379539
570995
899930
542181
397836
143924
155573
498257
790602
751122
376211
423565
62992
115738
530542
845014
296648
487468
25415
100554
898427
41527
280202
41575
669937
295220
202090
745144
778763
40181
904552
711537
826076
239457
838551
565693
389692
561451
946525
770034
905046
905843
723922
346469
220655
515994
766773
280892
197644
259087
99474
595938
714988
399242
325909
734042
823797
369202
882706
900658
328874
716459
710676
895151
193104
195618
525549
175420
927189
606882
974872
695661
565259
253074
454872
650803
181999
702949
167679
688906
84859
265890
954269
827384
655430
967293
78808
161944
429568
987889
908236
617610
477058
972569
986892
327936
797561
4513
392225
201110
196707
442595
608596
265370
814566
259679
770191
317107
194084
45242
831547
895834
700400
481663
999832
502512
402870
649629
428921
948329
98655
933558
122767
88770
634931
747256
892514
340999
452890
313720
499086
378009
320527
353583
833430
492531
500852
983092
654774
857691
970323
564490
681057
893781
35463
288544
438630
355503
53674
270165
929384
122295
324248
361019
825765
498782
335368
339978
386671
848016
295500
141265
776214
944334
524495
777736
184100
431458
748290
508720
49332
109723
986674
101308
288923
260989
777893
119542
26052
259114
109343
928443
994467
838235
898067
692198
228733
507928
791643
265807
432241
953149
675327
193504
262815
82523
781582
351387
478464
349283
637709
237168
413844
906878
34112
865320
290943
96785
427469
576539
811285
800301
227793
973149
876062
585786
500847
287675
572916
100740
650616
590447
211378
301767
59652
233784
801371
181598
933130
332853
931363
803020
805289
410563
487457
118130
998207
555230
530067
668563
739585
258818
686318
508983
828078
784018
765554
773151
927671
308943
337374
810861
505969
249844
628903
987295
78942
731222
685156
56681
540171
959187
985869
424951
329187
490440
405376
670261
361162
591015
760753
193301
504051
568266
360165
464682
665157
14160
218061
702783
860952
596429
789582
721115
179466
639153
500916
470097
609447
56993
354587
356078
165890
821290
799366
117298
885551
419336
167190
217326
116968
254846
869646
920468
714749
632355
835673
594879
478328
190319
283609
881577
888246
286136
133458
574193
809268
848635
438420
510062
455504
127082
316198
603851
536242
149637
548061
664205
578079
106876
570249
765354
285491
798543
619630
531109
451957
130564
794256
530513
706573
331828
389563
429841
994981
197419
835940
887385
963030
691870
64112
662063
195644
984818
932221
802891
223174
533725
626080
825248
423998
475922
493314
206258
470358
498950
461871
596849
828156
753095
90346
433033
639251
438299
435199
897737
910830
92967
876326
312388
707334
387990
304336
441124
63612
38267
616576
147668
207983
67748
815832
220588
741018
348079
108594
174634
550831
969183
540405
339724
701544
291473
890139
60519
945218
997573
606153
26820
997909
828872
228468
97193
456086
5006
103503
702822
618392
394737
173116
973411
356025
109174
952180
246640
994491
416515
496637
144868
110853
9235
540523
890487
969351
98358
277712
163807
189614
261942
333242
51136
722125
802969
449442
830072
401512
253728
86168
813907
449183
490067
486931
626797
992686
649276
601526
658863
869641
184486
509667
261295
556656
846629
931241
519661
251037
575661
53963
323232
840913
809397
7959
355935
230910
957363
852406
860838
43637
297932
294537
789973
217535
253763
505872
783524
49377
818905
530261
479593
192064
155209
24836
334848
471864
533832
487914
676794
669459
917356
694243
464827
438306
679632
348948
600254
534537
44904
271142
118599
299781
586781
773018
816142
948888
411673
238911
405660
206383
128501
756493
353500
487137
955335
830779
697788
930100
217527
855668
737577
154949
395951
563351
656663
85689
768756
116896
699402
740962
196318
981631
129351
109698
924145
389956
388506
889610
420020
952671
807291
859142
207981
932915
938399
675937
659937
597769
375679
501330
920136
533147
811482
839622
71106
787033
714515
616424
425720
775914
133855
502648
346311
910821
628134
29587
186850
119755
307614
1930
218357
390133
709982
706290
320212
319729
944770
211672
275414
476749
217396
793962
42582
619008
878299
188952
583127
306046
335048
520290
464535
105920
895737
872335
700263
797044
43385
690855
511260
24829
517345
862568
104714
533739
567809
46528
496669
26614
246714
884194
843117
175645
434196
484994
323282
511483
665863
596258
253651
562529
854188
25737
261723
823634
861942
717147
899637
712766
334316
652056
119747
177477
36494
311154
797780
561006
990765
681569
502816
168071
642149
123987
396460
519909
784087
687391
38218
145644
599226
661615
34174
839204
673379
941711
760164
929950
343742
291184
22308
729210
411194
601763
547758
72540
400280
726706
450349
649263
928381
566648
199457
267757
605848
226533
349012
424722
523884
831034
196148
102534
717292
266834
604695
657824
536801
684810
78253
37953
997738
810254
217400
455903
847596
990055
867527
437924
467992
394203
167845
61549
634544
203523
496643
48085
907066
387392
864853
356552
399670
350055
659207
348523
24646
92210
994662
843258
728999
299940
258196
204522
376475
148947
590928
564222
254268
331098
182559
117170
5151
536050
734011
325218
679476
982509
883545
145951
735838
57341
540817
868707
393297
975544
772072
107127
644866
802807
346992
952056
184786
45722
951429
49464
323357
73706
871849
537330
722325
831773
585765
640306
34555
570539
670899
390968
609557
554539
33205
407168
181470
677507
986307
50135
688457
844642
758365
679996
147258
227561
803386
233878
878079
731401
840074
795747
481333
613719
162215
616611
110111
726056
327841
555099
510665
278529
965737
575233
906167
532094
257824
176506
774851
265468
462243
98135
947816
193862
80268
22479
289393
235718
444436
304415
322174
129543
666547
274692
359235
695430
125107
198727
673416
217817
771931
50215
274490
577123
96683
184996
917923
672954
108596
129605
447464
185321
222632
236367
491335
981219
188775
403176
299709
962791
471577
245528
312980
706727
355861
895336
251995
592508
675431
203971
426826
383947
373663
345560
872711
247225
24524
815771
387851
826895
998101
584515
937779
825809
854598
934358
68579
112111
812426
694034
4478
214665
38552
435232
412586
935932
897860
868590
126597
784668
669157
880720
697702
318840
90355
313750
927834
943442
246710
165166
382443
793604
619049
5257
885808
86152
993103
507804
515088
540028
307209
468205
664206
850823
991335
343920
986381
759202
577009
134105
479533
557796
702494
491908
743629
473416
954732
980209
615241
162051
930451
945835
555349
545328
350784
631943
821831
95568
594002
490835
528155
330159
665478
51905
937634
364891
904405
829216
494866
73679
743966
915413
21541
933239
622851
388900
76583
73352
414735
45049
751964
825619
69506
728243
700327
325590
71628
338683
22435
653406
635038
331417
54894
111664
526513
898278
530478
696711
984250
125291
977612
665140
386647
626808
154953
269235
139052
333424
746368
406394
296978
958831
44556
468311
511604
807176
888665
381495
272860
727449
254939
178243
455772
295480
498695
577578
150260
21469
557543
980017
109477
66739
955470
696374
866965
933397
645610
396084
446842
84382
469779
599077
986719
624835
426672
41958
955695
166507
967581
285966
545814
431525
481657
725275
519444
350387
70144
615696
760484
88682
917632
932387
814074
676425
498060
832632
634616
547549
93075
158794
923054
167098
992615
973000
405839
363814
528911
587691
850272
152937
727578
209781
337527
29405
113847
755646
314514
895008
747319
420508
124672
307793
908373
226697
348388
485841
183312
96090
721114
17803
867230
900187
918961
889883
261631
922863
900727
683541
809341
801822
900877
93441
308928
96518
534047
45521
984089
919214
124093
746288
202273
89646
233874
702710
613983
899174
4738
521006
885772
1809
45232
553904
816903
220031
359142
492438
653385
197164
748138
840563
79046
380878
290505
722327
939856
486338
930138
672279
754517
893912
651136
484937
334147
729261
424193
943771
43048
315730
633575
813907
189496
662837
950954
881515
71930
263409
930647
149182
166367
812055
254488
256018
910934
641469
759989
39502
747777
523613
491993
313572
671082
236163
636879
603598
83052
330219
449779
311502
241871
772739
782517
110111
932664
598169
79526
877864
133680
787483
186428
755072
252590
434794
400623
978896
578125
660184
537068
331624
908248
582937
618892
290405
130507
103000
796862
990436
768111
53207
872051
84916
343104
328217
306855
511082
953362
919487
364278
490699
832290
555596
119020
945705
553115
813226
134890
969233
72230
62984
283259
650396
54030
945921
733278
58643
675454
782819
245492
929733
349619
341702
56651
354247
609093
46621
430514
195010
137772
698313
197743
258391
173268
730948
8237
838148
436467
184855
923269
500211
683231
156778
805008
766348
474293
458107
693455
507874
762669
688455
946887
685072
428002
640134
874119
289871
578298
25167
230116
327068
524310
651318
367970
720527
436002
905419
690933
800535
997995
496828
181301
866741
720421
921296
503430
43441
186129
516798
91730
350078
246278
465924
986455
293575
364055
673204
118473
526691
799589
220137
196643
961723
867359
240396
721246
425440
52115
10321
817960
565859
107384
528187
67488
673507
483453
869728
917525
547908
400866
63296
854934
881502
405633
935113
165591
433225
445262
45654
283919
579546
37325
621737
284131
221701
178087
871844
551575
473552
994361
325498
607385
204231
899218
308134
501814
466453
772169
30809
24790
173266
880997
306896
724685
34107
557369
154909
921096
253674
968547
550171
135122
497642
740087
497881
696073
449611
444887
439250
663024
637289
655644
508586
367342
149611
912746
714855
352970
854083
163871
360158
624681
507936
548228
852886
796048
983678
145450
789327
523703
125595
68709
193485
673073
999316
733035
190585
179518
390157
131251
268082
953960
174903
823670
121686
828915
447324
344682
43493
755004
779950
876468
460736
452814
549733
745698
420244
370089
141411
313197
147933
328207
951762
224361
934796
459824
642293
998553
64450
318479
622286
348085
386028
860390
134085
702999
462883
286947
458401
557372
617138
564215
820183
614542
870674
951058
377528
815337
569367
166074
397513
575178
843094
145051
4205
303059
53257
801922
187827
55663
401129
247268
794713
982625
197198
881938
861074
753142
940791
187340
870333
952687
857961
454223
812473
84206
662466
752849
354159
950675
432830
55351
373741
724588
807360
682452
603910
599638
826288
609854
784052
487717
845811
264075
88436
503014
908814
441394
755711
72821
336591
801816
23664
725220
683981
916181
866884
73243
613696
844733
116990
139299
832757
197295
768071
257740
565687
444699
518156
717841
82549
953862
630077
819099
114886
368309
200586
563187
750054
720038
984113
596238
840243
58385
978956
614635
903393
572210
899187
977664
91726
772565
353355
161824
421290
239499
216682
154013
610787
97487
352467
117742
171446
547371
869953
651594
140149
534195
605637
956009
766805
236712
71601
908355
89443
921519
8202
799416
374926
35679
1743
999736
204763
44023
891327
426040
88519
714137
841311
571095
139505
471946
21001
408131
594615
804897
415945
525555
617555
412313
429464
72197
33381
60928
366198
990798
664862
456592
559348
350094
655696
466435
577324
31376
400381
133308
700595
336734
61415
991866
663799
932081
303527
424440
886285
968040
524711
132705
362430
664582
861868
324836
329747
709666
280043
711962
667109
333318
506639
826034
917199
777819
46838
918
947481
255669
309026
869029
842777
359722
794031
431166
419661
842931
654820
938494
49646
691901
315641
629162
362020
101430
376004
176529
575871
639457
368885
745168
381587
632522
627227
173968
216608
515741
680373
202831
739567
726305
392806
201094
959444
127037
247752
962019
279621
915244
119124
386249
673870
583696
999192
861712
583375
69359
968575
415100
816351
238081
465838
57474
279256
477054
649257
682428
109118
596424
43967
49077
641527
71910
936539
165673
817443
530321
200393
714198
878392
786371
954952
410438
840794
148776
494759
663488
678468
576603
983237
59600
208520
44954
394805
906953
117892
420997
16876
998083
699288
580487
347523
157977
616175
81770
110025
872352
147406
472738
446511
730752
597143
696373
983143
1339
908192
907961
438516
570219
468493
492462
216391
809113
401131
244573
663889
344723
749264
724602
926356
797326
776424
499306
337482
39381
242005
153462
276331
896294
608520
250342
310918
726554
873798
791415
436448
29883
852037
400947
193625
603934
750986
463877
377374
336148
955771
643647
766361
163142
142774
677139
854817
342799
609569
893328
451208
571435
889562
232481
24442
469876
745236
577199
985805
935224
990870
736970
636194
182884
770970
136120
30300
645731
298210
348688
148327
389201
46524
81014
791576
128276
519837
89712
333774
655551
143932
89831
119755
162176
563745
85102
612403
948197
354198
602931
272181
620842
496460
975448
29720
182599
994129
770627
959868
181711
111788
605464
180321
366909
32804
35166
310292
658007
268002
879778
334963
870189
723729
774282
840958
412866
642802
210952
408300
975556
18669
250093
569781
28957
644237
912631
380372
362810
81839
793932
667453
555154
880895
73512
609436
977451
279625
134061
636634
53744
655260
729301
881237
460184
786284
854728
964951
201115
539045
5634
512880
734481
868676
263645
136606
629882
668540
485043
877133
756201
233043
491277
415097
862359
171334
309029
455803
348699
35535
566986
131803
883800
533901
642464
613360
587931
235410
469071
385177
589514
230204
890840
197368
241912
123267
282837
169994
853478
78380
269404
403837
566369
591940
493239
152644
81657
158313
597897
649130
363237
933858
688800
489004
834747
688255
56384
752363
415522
625756
560997
163729
838184
915306
412643
40695
111796
691212
552924
738689
19536
641753
620229
724876
150813
186264
33727
207794
806474
750697
198537
403771
242872
896735
274600
298526
31327
615980
544727
514728
236980
713133
518957
187086
337348
47053
791483
496918
100285
682949
309162
154688
507787
490209
385104
604947
981729
62286
578163
951979
946217
213888
761075
518652
25121
195920
993741
743062
609123
215399
914161
137401
100599
323884
326
915092
513811
831867
233640
270045
217946
659959
293739
858555
536207
577737
706333
485618
766296
321667
882798
556380
135449
53286
648515
415577
291698
621900
656064
270728
845768
716406
31728
923956
403220
59515
236491
341561
724300
698965
770865
243427
965275
937627
650688
593676
147819
401984
829643
847588
410719
951144
927603
102694
662222
786900
211541
399827
281046
739712
654621
255113
474596
485010
470685
355318
589102
436790
432368
782115
823334
794998
66415
453955
137365
334377
971714
656033
590684
788654
57458
41930
858772
530965
125761
866739
223365
376574
30485
521473
930994
764573
352963
178139
650889
416580
423582
129681
514716
174247
353994
472975
842417
272096
767539
384181
438294
917194
849549
733207
811725
69757
446082
447806
957007
741908
467174
175068
131651
954310
868366
285733
683187
141328
535185
441754
222378
568256
49279
782369
198969
86252
24416
542597
920817
925250
914098
822510
888263
764259
919898
299203
858926
299658
620897
23222
413755
453806
242039
46961
572856
226764
191368
924627
615897
570646
146853
390282
78513
371348
995890
345248
820293
133950
686107
433214
87082
74766
851983
244023
807130
359482
684849
778659
898893
989090
797792
142709
814862
183955
732946
225613
202492
658937
722261
731893
749619
963589
876125
128938
925888
242036
221184
704662
348495
554597
350911
879157
652757
843450
466713
588026
408803
517243
650978
685837
642252
203336
282413
877208
863182
121653
173837
471963
623658
881215
470608
384801
366503
690500
545886
757190
434550
63949
31619
518109
175910
598286
721513
701768
119051
651754
422939
87972
972920
445106
968414
924133
339899
665863
228994
256636
642890
989307
963523
136873
207597
543755
439458
806607
582732
2822
379324
850483
535444
498939
722513
93230
669638
877014
579319
838973
541235
236357
471535
976833
91239
458246
550426
902966
925209
8465
278144
105384
872851
82214
395206
292958
836475
883510
598211
971162
674897
478123
931761
373326
345730
966891
210574
312968
147619
542470
661428
869984
200833
551747
816246
860575
589522
487902
105343
19477
98384
418785
488288
250364
169327
310289
541276
136368
52336
874344
946126
879654
75601
13591
690610
894022
691170
567994
111229
140888
93464
746964
720689
504798
981584
612107
655240
93257
977456
400171
716945
370703
657584
490013
38449
785736
436838
484875
78722
775963
282826
419914
876515
276951
393120
564015
231659
685134
797442
235754
938688
532873
778789
426924
315904
53810
181806
358396
951971
375212
88335
632181
424700
522253
576833
567336
338976
289502
881309
65298
724525
526822
919589
429234
99403
953120
964133
365785
867907
768139
82320
859389
654348
746186
550265
319923
697462
211988
860464
473773
894984
788090
116965
231078
157514
493952
216318
180117
721572
949141
605816
577269
509875
54057
763373
78156
666649
255012
966891
286595
380626
435504
680923
461415
967061
