185273
609094
528621
809363
773957
331690
45330
684416
695186
697388
595220
922513
265773
71799
138084
275310
315139
669138
75878
512968
595003
21946
694526
50352
531478
866678
409375
766540
842260
579466
245178
562179
300577
600260
864471
831993
207095
769570
567052
793244
109825
996225
712032
947225
432853
489438
154406
407856
753203
464723
727354
931292
498214
2994
502446
717039
711803
356588
962766
219554
111224
565587
249670
421753
607123
665941
959818
417357
533465
429854
611471
184832
225743
428254
136369
491509
839497
777953
67613
573172
449515
643304
237703
885186
117340
61005
948552
66406
239971
729364
320997
423305
764524
900719
366059
937870
402476
111360
283077
902681
438222
513894
28468
200990
569588
16535
531954
846569
790467
797901
603177
889312
396517
582985
973807
828826
633034
470624
690947
399389
533075
271253
397708
125649
539804
684284
876648
74791
804688
106456
968404
864796
102567
79747
563733
964418
978393
60227
310031
299870
502706
642849
216299
544538
209591
299567
246230
337342
666779
312719
617625
190310
124876
850034
299204
922054
344867
149025
869612
195592
94812
308461
173404
867465
41193
194619
316053
893158
5159
435676
198109
221921
963653
735721
18363
832630
783094
220321
319549
403513
6442
661319
16801
556796
84297
697954
206386
382844
777453
868476
542002
259402
585194
932043
652808
939413
296355
589577
980946
46812
374888
501779
717826
714940
392473
789456
240134
664633
934476
773897
942931
898838
160026
967619
393211
156619
711481
926971
914301
30666
562627
671111
415331
759524
540984
184221
71145
179579
144800
504632
432013
972281
879899
141151
946763
136672
495176
319494
144901
913587
761440
428907
985666
953802
438113
497058
144248
380636
897033
14755
911146
547894
854938
704446
957050
949430
742459
533628
58289
106961
720873
192327
26703
641252
113560
471091
625284
348778
604954
281516
201224
762711
84168
586817
801987
54452
73255
784702
385279
981891
335830
556179
830900
307123
572076
60021
272022
26440
867071
339693
965637
928923
766339
294926
165441
6850
945346
272386
641616
522087
672753
404927
721477
478919
679919
740256
574673
865076
36224
288162
478137
766579
800463
100871
468837
293540
509003
157497
728335
58532
140057
303418
567996
807816
835727
517858
29185
95831
37254
811948
832096
631703
945120
179309
726532
634551
551189
682063
576609
155298
292310
765378
289058
99474
430432
623140
600210
683120
592777
936767
372636
498658
789604
265198
324263
965483
514168
990446
65767
556443
186341
120952
27590
283714
617277
582469
658003
261239
661573
875086
163736
954208
841062
724093
856103
940555
100234
747029
866801
373689
143662
156722
954535
129140
357456
941845
366984
436718
69018
25601
387665
526987
313468
124104
918322
25065
559650
834490
266659
912054
243661
250433
262259
514469
689973
420058
515591
865025
980801
811855
480696
288401
446575
802469
967165
773811
451375
238716
839668
476560
806755
229956
517038
265608
39187
829295
792661
743229
981030
541104
860842
893946
411752
524686
28274
400457
256102
168992
116913
66211
963123
914354
236718
109417
263467
600562
554808
240036
625948
612579
611748
712600
227453
477194
754375
265187
739149
674871
801606
707972
442961
743260
771150
811477
391669
27064
337909
940796
27188
544673
643245
464437
538566
786120
233926
479712
862519
774371
828866
667167
118063
821176
211468
167384
27792
633035
618915
600307
796079
862557
719164
715284
554347
744279
205858
847542
552757
364704
624393
486756
