797826
652393
499405
862983
531308
568097
867212
719747
768864
573229
456571
407042
555568
495668
524264
249600
562683
841056
335527
54661
437343
314155
712089
245812
679006
665039
853689
276162
6592
976088
568134
897123
243570
953595
416468
904837
47133
692086
597599
866021
80022
718947
113088
471544
599126
404618
278466
978433
553185
79672
128906
935620
788302
309149
863168
512490
367608
410632
613294
458189
453011
316325
972708
198043
777033
983901
200477
818586
133812
661023
901977
548111
422042
499900
602534
904218
403228
555191
900986
67026
136637
299739
947682
99632
292899
918568
88695
927512
920873
479402
627064
103306
16355
244073
210330
774868
338757
184763
776544
317791
115323
393826
489440
198171
332775
102107
682617
376055
222932
721535
870486
513606
265952
182896
945470
576011
498306
604015
248306
102296
980828
461593
520131
778451
999720
284475
832473
769617
906059
319601
207704
956779
694939
842971
870635
276431
383303
96123
157496
90871
938279
594002
343443
989912
832062
260286
372587
990476
577031
824085
209530
78864
763859
140927
395608
841595
495013
672687
842188
896685
487177
412217
370103
757700
597087
350258
313626
593916
40278
158625
365186
243047
831011
610323
790537
169207
329048
171717
662771
774449
966013
441767
990499
751053
946575
310505
66777
374197
699295
867856
499929
357905
586334
603593
776173
616166
262356
123971
753980
947931
643526
10328
20622
723256
564133
456837
933157
664204
57877
675959
830742
905296
787731
468426
710352
128448
599121
657712
696239
784147
500093
713068
303192
152859
882396
79040
619356
796285
916780
907678
78626
432230
375780
50149
25448
187486
864801
307575
335236
841056
550368
950060
413875
874378
772938
634467
648722
224977
995929
142340
355239
502492
851831
51159
1786
413998
621853
444695
268461
777327
768018
844992
690125
276925
576969
71563
807385
487366
566255
256146
352139
646647
539272
682980
539688
71933
698465
599718
418016
555510
537490
54201
424187
877209
828923
985927
452191
155500
383894
768142
727032
534536
485244
230625
964455
984138
508271
65569
942063
412762
473828
134157
684938
776483
584443
767872
290839
825800
888376
851050
263535
974829
114044
697998
8292
478288
73741
396442
540390
388280
443973
829005
210641
260385
177495
404380
146536
649891
65420
450112
313878
16402
943801
430226
294932
841934
972909
717038
9944
678100
368442
402658
613626
162356
409078
117921
708133
18010
405803
375702
720037
789716
948760
419202
840491
306540
946812
676250
330248
25552
732864
727537
821506
977859
299702
281620
175675
270383
550279
316187
841771
234922
179142
34875
590560
484429
761301
674506
35347
780318
117392
40695
697126
693127
207696
115643
905917
486323
297456
851261
790581
880513
737306
95745
863084
199219
896293
64745
847767
18418
956735
787674
162274
559699
597748
360892
966648
896794
953378
332104
142082
97816
135545
122683
913617
75858
362313
417911
778670
845724
310089
950796
587652
612519
923199
216168
945993
423269
380572
987065
477318
481323
840008
558248
281479
231309
338473
65768
71276
996771
385445
146661
25668
260985
98714
254455
573682
347377
299469
585756
933410
422490
941311
89275
620516
971278
52211
264661
633567
383496
463183
272889
364782
498945
775652
170474
332088
627997
387014
5797
920002
287099
508980
855213
779079
854640
378131
877671
698995
875998
711230
495835
714496
203669
769115
460012
910744
496265
997237
394989
480917
35578
168244
191153
141730
399373
411523
855195
292879
464638
637052
535144
510407
867594
591189
118851
779528
722743
574849
891447
347484
960617
26897
85040
67077
599266
844475
361495
775238
622259
625843
8771
801736
575290
575267
865753
351230
781947
101312
189550
4731
828993
205534
790926
722692
562028
690436
859756
352454
561309
342389
197296
6218
163888
383931
719748
552751
764125
513014
707866
168409
660227
642209
342356
573572
838781
762873
516921
823513
95247
745818
827647
56275
577614
2621
682757
544312
700478
459289
441104
376590
252731
587305
108916
697738
808854
723322
427570
425271
839740
329219
129613
692736
544538
3672
915945
136299
77874
111220
740020
149332
678690
534681
626477
92033
709856
509167
893130
158323
755344
180753
303772
237606
127450
933124
804748
710506
269308
59500
208232
282382
677792
207462
771294
566098
943021
694164
880750
617351
865525
948601
276197
229256
707882
798702
628230
132270
100266
354333
991456
753102
587159
305589
944645
347833
40253
403218
10388
927561
211025
633684
59491
919512
808186
646959
67112
452662
790030
845467
408494
333692
455734
943177
904218
903573
581289
695605
298510
148319
340416
757689
332042
263829
94476
364646
373853
442944
830840
776017
91146
826408
350801
894867
31356
828038
23172
835277
755564
331945
103698
127823
679381
677291
395100
638838
29580
546367
515441
423158
920138
829429
388947
813183
328279
251990
754528
835684
334379
278133
55563
588569
231746
714029
399540
831375
277105
70159
953870
472697
457688
246026
525985
486416
872120
446932
617866
483569
720428
451526
556488
410668
968800
733464
970067
48414
982805
441345
881016
305093
375564
507588
327314
485372
906121
239870
80457
543324
351569
636286
688257
250722
493644
681983
525473
366373
550940
185119
432314
21522
584110
373013
170528
849726
668114
2489
643450
330068
824918
455628
771946
905127
893671
20520
230144
715735
251666
96684
243100
340644
573708
759290
336384
854041
403187
619785
413722
657657
139891
692114
417301
876458
619109
630593
285945
321714
920844
815750
35803
202143
491467
658725
951527
630866
429689
362378
701272
801754
589395
340498
392339
397593
992562
916009
345151
901581
395862
314848
342834
190875
689642
470340
597180
688679
27287
638754
457592
890295
803792
48515
242942
368185
519945
699071
245512
753851
674050
295311
619098
211332
99905
119885
683874
835466
456782
495816
499427
234977
762579
931229
223235
761358
748006
429283
780040
510658
111487
849891
265281
428282
721972
947296
403877
679563
273991
298796
803842
781759
669268
131722
811593
844636
498886
52880
801468
482621
403698
753132
478018
38458
747032
33259
535754
208150
253291
483181
696285
968927
212626
715422
598623
645097
786190
164924
510694
195040
758121
448013
43730
800628
569047
689568
9308
696108
319633
962019
50082
226483
91957
776012
27503
494176
177375
71577
242565
975471
462747
817635
98229
979501
185060
513162
752748
911852
77902
42985
959996
908338
205622
625858
404413
335641
488230
332159
84991
619191
339740
652228
208840
574113
977664
567928
801640
736409
863901
241401
890622
292054
15345
407565
455622
636555
847254
573879
152729
633728
286072
856113
30247
565853
109619
145036
407860
967829
751669
896486
585103
7495
598121
358668
774475
196111
508505
814520
913977
43999
781471
797423
312530
471604
217160
952517
6628
898923
595460
311044
577552
312096
120235
388963
725201
789118
814198
276540
762843
631604
713781
863187
162843
885965
858599
168807
853845
868892
865034
76578
375100
2218
581324
563138
378266
913122
984074
980102
40457
144184
589173
980882
46093
139200
385532
18894
360659
617148
287635
663148
24747
62791
264658
912189
474715
398220
571420
823494
519268
195022
874742
339732
560425
386470
133620
377797
529281
790362
490353
159534
238627
714910
477345
849014
60755
466141
38492
212541
289020
925039
876242
297064
658809
523354
642273
218958
985407
811624
222092
807643
119842
80630
833243
971045
214091
115251
685899
569744
353163
196161
888151
478670
113119
492875
595228
895420
803414
945319
450987
62378
321752
556577
503669
513831
487749
496659
205716
445749
740394
88734
173245
259516
796661
416029
180219
677534
89204
818293
198902
2483
619769
717521
988546
330274
574505
47514
789489
163202
797080
842362
310473
981133
836210
982819
598006
192685
119848
238767
65716
579954
298035
171672
560775
282006
138834
880541
128623
216318
618330
644299
442140
703422
259047
281784
779707
652595
457992
243266
138521
943256
768874
142850
954341
802022
189375
251643
336400
142840
561052
854954
782033
535303
830835
814990
704792
873113
423320
234254
363029
900333
576284
643781
144323
803357
728892
520369
581086
422765
57263
13084
596237
41882
233708
220860
478773
831046
842207
890140
979554
720325
991091
201754
357940
277666
448326
415630
611858
632203
128283
76553
922776
199001
480381
212276
848163
880589
267539
867383
338527
943085
838634
705883
403263
337873
187005
394533
948272
532887
177256
538488
686232
465233
658816
765759
913031
961135
571138
168467
370356
539709
726490
639745
804432
625576
28071
481896
773058
223610
992769
161164
702500
786027
577043
649163
414468
916251
255908
173060
866420
468696
53316
987442
275678
114398
844561
788178
266076
581928
113751
439122
649145
99586
121641
228320
290491
88365
549434
941931
400776
306797
720096
867705
906501
554220
936782
583488
763217
799827
455875
980497
620495
425861
474510
304091
74610
477710
680330
335843
358787
561398
641779
497928
146493
291135
136051
215115
976499
630974
355343
422028
442980
154104
131168
963209
16031
701198
8242
803035
117091
113873
205614
500069
658423
557507
636432
621014
428595
555968
976831
234953
344318
128227
204625
370624
360809
152246
750578
708745
603454
727179
91263
700522
723004
512772
640162
531460
324443
295536
284998
595263
177621
153068
13064
152173
259548
940161
514230
41268
454837
683326
671372
779357
210878
930685
548784
947874
879157
150540
271702
756837
648082
868001
484590
621780
729845
40831
170516
752353
557086
436030
617823
328782
156396
802360
326990
580806
35569
5193
618395
582738
588187
665425
907842
982754
219876
355154
99779
583384
101001
675336
541314
358253
766567
280865
102884
491114
80900
350927
539262
753789
745708
76908
959531
379952
292382
84021
871624
313706
611181
587788
781026
935522
40293
511475
848245
705886
309345
23278
266759
905827
501940
955931
721201
295829
778366
1561
93442
905730
766740
61482
128331
517981
959902
433442
12109
642692
148597
636666
897405
537396
669450
693747
554381
449282
702777
991458
10194
383763
587370
742109
905176
458394
107899
403647
24891
825496
842472
36472
701394
425404
682155
526517
439268
417706
150005
756163
536665
253533
179737
493065
978222
199041
637500
473450
1763
817554
651150
942178
896258
987926
461672
225297
22697
487635
851419
821832
658170
472659
91805
829540
89203
56746
171537
205308
619737
867164
460456
7024
980687
682976
387321
642469
2076
488384
898462
167980
622342
137190
500647
29351
367224
407195
608055
880911
50963
103477
710640
776040
489105
888797
964431
186755
433993
438862
725617
597323
447199
727969
757664
12020
416205
163359
824165
372184
27541
140091
588712
683959
907904
893272
730461
850035
918947
293146
679716
581412
408637
58015
559099
277819
688632
224688
10400
586091
679566
169171
310927
275393
590008
968766
378758
291847
90521
116081
242565
628420
687691
424215
913304
241512
315412
454676
76941
135496
626984
506163
51768
24019
718835
298513
243484
601102
385867
391881
604114
979507
796843
15875
154835
927428
190104
440324
974148
907882
123504
343820
538874
129896
811086
790241
629989
992018
982688
110758
495744
801919
611400
332608
937851
144371
769705
277700
382496
117409
638229
12485
658896
788988
192103
68573
939204
727045
126426
190092
310857
831112
986909
788204
855724
619277
123059
759174
588796
33494
685151
975771
459391
340227
599300
520877
901045
838965
691682
894992
994343
724974
651731
423266
728316
743877
944415
861016
625438
87820
321620
123646
665082
365741
121546
596095
522282
803932
586972
836951
608413
384131
781550
239094
44605
703845
118052
54662
800888
109564
492787
732303
568393
203401
767702
157021
741523
810751
510111
608180
965578
490534
376476
648444
125651
840200
431448
171372
94823
693916
385055
592662
760440
936424
233560
767665
146921
860541
62540
754108
446184
711821
189739
193078
255493
347807
427005
597070
587081
196509
902661
619994
802612
894655
965428
966099
703438
889571
38123
578174
454292
552774
430567
835514
617055
791196
469956
136692
696516
795763
891242
890516
936333
144892
593465
727773
253314
153986
311583
64216
441428
776841
367134
465847
54592
891356
697062
126171
767660
436812
269128
88358
45010
153919
57071
928567
921451
885075
166508
512293
567784
263434
499786
539370
354310
381131
738759
40127
458021
340009
924993
480748
420348
439524
69611
910166
243939
177633
374568
406516
563270
13562
656271
902368
159171
668604
816921
901016
97769
590532
942604
345443
864536
930056
100490
358792
715613
855566
88775
759100
154628
228433
967960
613670
484572
789319
596491
541369
841029
324639
933653
454510
764805
613524
608599
771454
133843
843467
658888
559332
914174
48669
273495
142402
135884
798152
885391
347700
80835
675680
6398
365252
336499
91785
869273
924663
997396
159684
297833
793427
603768
853874
42795
268287
373117
819153
207331
442805
922363
5136
777968
144234
560195
977217
583611
135416
285267
748948
649067
344884
855672
460337
620470
614114
797488
567493
258742
474662
929311
350772
109926
268082
179271
729316
580460
194465
365318
486769
169897
104836
539678
775342
384176
123916
877104
768123
898104
488151
212543
733517
958274
923308
981160
813163
929407
110581
507328
557484
588212
784948
971937
962457
849108
158916
730624
885947
61015
313191
887682
879576
266681
463737
938360
672720
563312
708148
737803
3321
874927
158941
449268
792102
548818
667501
313011
460964
406976
576345
208901
590805
243621
605361
750605
954630
61501
657534
571082
233754
273415
99743
659086
714425
955847
192012
814221
178764
720946
178577
516577
706759
81792
847646
714204
133004
914179
412739
827181
32731
169539
240914
163539
643821
111919
181051
512151
398011
848293
125607
353976
207876
970500
75630
891496
398761
273546
676278
939637
405415
437882
832471
953107
337082
245741
315857
424753
276360
562697
289354
912781
332114
556202
705136
212738
204434
355998
340469
354558
155438
64606
834087
684913
892557
491719
891976
881694
970840
408038
302960
167120
214563
34955
71656
896921
836878
868167
903364
665408
198341
886205
842218
703406
102179
220948
824417
713037
696792
634948
674117
812477
674038
232196
785968
957408
539785
987672
589258
428673
928925
33220
927161
799002
75756
240246
70212
986706
474083
553913
344853
786173
583837
345731
640620
901636
939521
970939
298370
831601
707642
121966
114662
137816
91342
315490
421171
748162
806216
4902
77017
546910
14034
518897
783021
302717
499
473795
461942
989149
570200
496239
257326
151743
984769
343255
458424
131431
199129
157768
737591
490274
207177
966715
634516
193244
988348
432977
919252
612434
69309
426189
163781
734831
951135
218893
293383
440483
254297
709598
18702
202092
568080
698146
679296
843492
707378
883362
609241
685110
294385
143666
202849
455979
139103
896720
942453
85035
821763
86270
958361
365112
619204
472822
767821
263894
441465
927144
105070
894318
49652
262260
2225
677836
933794
163055
310733
396602
539467
331305
501634
198637
579640
698503
755543
806968
300645
631661
776122
319924
513843
33931
404251
394864
663136
213289
558454
383572
164435
155994
331238
253929
577892
497589
109477
722051
936445
881459
479946
646788
701265
112344
639905
70411
174463
115393
725975
455198
50918
298243
237298
81366
17186
985506
5729
431414
230037
995974
779656
31569
311951
726722
835420
670197
234664
484515
681944
196521
875497
167153
995637
153152
993130
186593
229907
772951
726430
179585
852238
455639
512723
943560
719395
147761
807073
134237
130077
524759
275311
803608
978899
145141
792314
689991
534837
873010
623311
194989
939477
605340
330648
200806
815093
861476
972782
868435
141228
760499
357845
66082
984874
656717
185125
892215
574015
9282
966797
962989
34025
612965
162767
946763
245270
691254
241484
329881
299774
347482
300117
774997
253618
435136
186515
920044
33000
823761
522942
705015
967384
156724
490943
163505
494539
599760
711591
102305
266023
350145
79436
75677
590155
329458
500207
670754
345080
858454
115254
44488
671747
60940
973611
663083
246349
852189
985103
340788
686929
171163
248816
407475
19226
349910
822643
841929
587051
394246
413289
852620
47556
942458
900025
38421
742303
473408
731942
306755
3675
648951
122063
912453
902244
907711
627012
493188
835658
262975
540036
509518
798155
694955
355826
263681
683221
87757
460926
47339
85947
224637
55316
755698
354862
653926
928403
588506
129006
906814
835995
895489
348924
810442
652473
659240
157798
74892
939699
916764
951272
673306
808113
881019
957581
554955
776845
2251
161552
731679
111951
534860
145920
258129
361214
413692
436602
292519
137625
902358
250177
202287
142488
130
342314
493677
683486
224324
280136
536594
516689
879360
642937
126081
285233
394255
764435
346748
509958
541886
164776
718020
392618
445735
788722
371017
613099
280155
174441
771576
519612
932117
808467
113024
961192
836850
10340
253049
933188
332534
291298
516469
436640
666711
780250
325069
760298
548091
932027
46822
719750
389356
485503
531802
616632
503853
117692
219753
471700
580566
444130
447811
17001
349643
526310
754573
10022
350639
778164
957639
930707
137051
790084
160585
533686
738180
292012
594490
400720
550575
551014
850449
736709
916943
919400
514367
252086
261251
158564
611821
483207
227614
774826
370874
154389
946815
4346
763146
595148
835109
785758
110747
293458
369331
919643
156144
565528
117821
947286
244635
429557
316904
931398
861053
893496
183355
220774
903298
203332
152824
312737
436240
882401
622234
679283
745420
769482
91379
718920
169046
827892
572122
685384
258297
1591
592837
452174
760876
168688
645857
729391
116801
195285
791314
727120
498753
994601
319453
222901
782172
688863
910830
899615
517505
968259
462759
195439
928402
307158
528680
640132
366993
726542
296834
748730
550976
936278
809272
853221
987414
313360
463718
161801
597584
533461
993243
532119
640027
705257
607869
276999
998933
759273
873723
323126
501117
511743
709970
187332
255901
780497
754577
927862
74339
735788
779899
737008
211332
604436
896650
74656
742242
864734
896681
13234
530671
996060
635826
735726
523910
626540
922873
540231
677878
17195
311783
452249
268396
645944
743046
65685
773255
907256
969057
686706
112761
76066
124083
292821
84273
309211
950830
174615
989085
248136
386684
320784
657331
521198
297519
165933
395944
659566
462899
908923
434754
500309
332112
976341
361077
647681
617994
36048
10964
71991
769270
267507
175181
154017
902752
224657
621405
400917
826298
40507
325389
17040
956261
926770
325029
894264
609213
277846
205711
433032
449931
120164
836290
107636
18077
251664
549569
324891
368016
243546
829480
821666
332844
432087
250363
849593
162555
185943
327880
132528
127666
157104
867276
550075
136010
58144
183922
686354
68072
312277
183701
502393
959944
714221
110673
945891
674531
69778
860166
578342
47378
976306
824920
447336
604531
405667
624048
41198
826915
713961
895421
136663
824016
351191
968729
580773
155342
66384
846668
603639
792766
280493
357556
757019
338391
175542
517256
509265
275905
260292
568049
153450
648744
776600
22664
649629
294395
340227
434288
493137
764096
330540
604475
931199
516481
351644
506499
830728
991437
111614
265142
196943
289280
754399
563048
349145
605330
940894
466572
166306
988361
177276
191910
864335
830903
459267
598813
229766
703730
615261
199147
955135
740976
249304
231132
853298
981183
387290
787517
807658
796860
914095
732692
953784
381015
703017
465530
199892
867086
789747
37691
71846
922141
998833
248098
359234
751165
801182
152005
733016
648185
536001
893138
180246
657718
539632
744831
299065
22190
46361
393296
138143
203958
352070
688654
803724
164344
238307
295303
881331
628133
873183
239476
104855
531292
895039
588128
620826
551413
367126
281598
578812
125031
596526
991501
932816
310849
95329
659422
527091
807651
912104
702209
878301
345841
197543
544437
665661
561106
689912
617499
829163
890755
10149
874760
736539
508765
289166
422334
785881
991168
546148
157014
107126
631109
41951
729123
861465
128118
925451
346988
558284
933117
375481
862404
376615
193541
440860
378144
617240
667037
230323
429988
79261
59447
622428
328591
452354
902581
464574
671711
670280
430465
804414
988367
262021
363465
317717
249606
11659
766071
548803
340014
232672
96340
195587
303766
707627
415763
763959
573734
862645
548065
838345
351590
27421
621566
501838
146168
440223
843396
55153
435654
341476
197885
786266
670973
667482
270704
464972
210048
646782
273921
812366
982513
163400
466914
218081
786818
536177
945768
149429
738994
550843
70086
141197
997095
719648
996057
821239
107901
801056
831123
202552
771263
91625
618416
207196
978353
693758
559986
826021
43290
154489
203566
887193
463557
81349
157439
631160
328281
159098
763543
64143
21839
196561
882756
908001
374976
534813
739264
401483
804785
822649
981554
549910
897531
788993
726962
363027
713351
643667
491588
549009
396173
895043
230159
849120
994070
993131
858980
522130
798974
535899
305517
504445
121699
8646
537981
217656
407965
351554
391877
794782
416866
182615
599359
990783
796599
547192
871285
176651
378353
602067
37906
913763
779525
385870
684633
713043
353205
648467
484089
464159
340352
320882
132984
715724
757055
648950
525236
403584
438572
143663
736576
460947
87514
349423
99947
459309
746530
265855
1938
106515
501112
230171
460324
702716
841993
26371
986840
862550
455362
828698
784337
306478
131886
50839
996186
124353
68562
67484
549873
177469
688730
29146
700123
229148
23423
409380
321983
484018
994653
459575
719023
987441
428439
854363
40121
736412
727114
80295
563553
350753
243057
521779
775296
388703
321481
687224
529408
539810
69315
899540
169654
679605
240713
301113
880602
605513
442490
144520
824887
652356
549102
552985
98487
642397
25204
794361
583339
531074
162949
768872
185524
244373
372622
485662
196412
662916
159022
143125
639333
964891
604910
631661
530476
910388
780609
731940
532770
552036
386385
194147
540515
677339
524530
24826
279019
698303
533035
259435
137229
103137
739967
504253
394578
647746
563486
403106
156132
800896
681895
641816
945353
421608
670422
91719
680344
669179
361650
815317
179777
398233
972302
964632
183771
551435
205514
234520
687124
91140
834871
744610
387141
928804
821727
726143
961344
66408
203821
947734
507206
986758
46081
992731
552969
861801
533223
82519
342285
716507
383960
700187
971965
521223
291491
210038
653300
950125
658243
101089
621854
584869
870170
194758
203657
469411
465430
876461
388014
456913
997919
214151
359268
911262
361452
648479
263032
443923
265572
556493
902418
111465
900216
27090
227472
135972
85101
104723
265435
938066
551852
266009
327086
129905
369133
117955
247603
342352
473974
880761
459649
60543
40747
945759
708491
640915
799071
815172
635642
151466
538894
886695
939575
956673
104675
206266
908248
179583
195958
125745
860366
160694
144703
127883
207356
201668
301310
494525
914156
76943
252094
34655
834064
700775
827692
255591
992811
382253
285791
261147
187958
481909
818976
149043
908021
664119
50128
436186
329191
746415
519609
595073
713351
489799
823161
113406
156548
841075
776802
274321
139251
545821
152919
626273
138588
727083
678708
923746
207948
457754
7537
675600
775679
696677
472465
67184
672356
345278
989748
704795
992014
681856
788632
307787
523248
827373
915691
785930
459001
302738
284925
701510
471834
799797
190593
767076
200663
844159
781837
437742
236467
870175
568967
921047
884431
8161
199338
637732
833223
277688
289971
868614
341855
120333
777449
951490
625910
686561
869713
44554
415102
673084
335706
202973
178965
53502
637503
411253
333401
793179
714977
61801
975208
959315
648634
397586
448155
357925
338374
765446
18320
494700
628146
119008
172611
802407
214932
120876
473767
810982
945068
699031
493877
968187
995654
280167
995930
828559
691795
109966
371572
966861
602761
325621
782586
795720
604554
675162
427665
239020
166415
701167
78807
376797
353698
890030
410001
144187
153148
670015
539074
280384
638480
802356
795218
536899
889267
160539
44906
812327
240495
924794
898115
377200
48208
812871
924181
585174
427722
877579
895405
242870
282426
199192
477957
354522
373886
641251
889884
704107
868580
266010
389276
929
654717
490048
965650
629237
926154
524354
521579
162221
120296
22692
782355
111292
559600
828111
595804
551650
599731
632614
169860
311966
702737
149327
21893
866943
169416
987491
620727
400616
40082
628761
620535
198976
736192
645245
427978
565294
230121
931937
393937
242467
710202
783526
388128
854604
818263
191739
609634
920505
127224
919630
777454
834814
722198
911006
16252
32855
805589
740780
140079
492332
577740
916598
903953
509614
931736
66901
730322
691816
436512
99416
176709
428771
505537
87188
734937
949820
299760
578084
502544
517373
414033
120146
673666
953013
605470
451651
26546
541613
121957
601885
114774
50346
817291
356816
658548
821966
323780
959401
759643
386212
621249
688944
646373
727408
147300
683503
336190
298263
315413
418504
846001
477200
953475
261321
292112
9207
318372
972915
76129
478612
78416
93581
185758
260950
735012
580826
70629
331407
196500
714773
238673
360257
524615
23441
840646
779147
464057
931776
684974
87124
363295
720892
586078
444444
941088
65275
319542
992743
364206
787556
680411
351581
580704
183922
129159
193972
675730
41289
274079
611341
541144
822761
3079
136959
724669
415261
688291
486303
352583
713428
627188
437824
527365
913349
155402
89075
99149
834537
993945
84082
448751
241801
880207
593709
242116
816437
192539
527927
660717
149276
805108
806547
636841
96088
458821
499795
713789
988083
460218
787586
928943
632175
585604
50181
104382
65335
330929
447442
122292
809590
551303
142529
527136
622383
601373
824941
219889
8030
275939
391985
750232
735793
920848
677430
938432
898344
829392
624840
32851
798965
619297
319472
74642
463313
795255
276901
2013
152762
805890
527623
933584
456074
489663
462611
853668
504647
480740
957095
293165
679885
417209
735674
973899
364534
794829
931587
985007
569739
935965
510604
808907
206470
589542
111528
679194
870909
413774
472003
220949
482990
224593
847855
652445
708304
796082
857322
921091
137747
694295
6175
919045
902135
821375
48386
73923
613474
984713
210422
693792
53658
850958
542443
243877
827036
235187
140601
164977
400775
236851
289458
150007
383102
874488
894317
781218
281621
427151
955758
343064
242438
362129
794006
452049
854688
84585
956151
839500
136307
389798
613619
840114
488197
650402
359019
822823
146812
663738
160452
886494
676052
938637
838223
879566
353620
809850
935285
779109
1686
647842
276317
26991
434928
909220
531914
970561
250471
429560
902694
240926
508731
239122
349616
444503
52492
733256
890936
417673
452221
517219
43399
916434
921675
840603
901400
696725
623544
942158
899133
167389
610521
517572
298617
176421
873809
772411
879455
414218
567123
994703
233153
847723
444213
336743
176295
604613
888557
954117
650424
51884
635388
795703
61008
559644
606799
914940
323792
403018
414643
679792
778539
844918
960338
170771
308082
591570
137364
133045
857004
677517
197399
92247
938798
284921
217427
570105
681295
998132
237384
733687
807143
158316
668771
650399
155871
757279
453617
65915
131260
301058
1148
115551
318414
883037
703508
230864
58702
333376
501286
373268
999467
804602
591245
71950
337934
683237
29093
190643
562856
586786
46019
601179
744082
150070
210742
432233
704422
266615
88591
288628
690963
750171
980401
133441
145491
439136
546534
386391
939561
654544
66978
152107
685218
309229
509710
951152
380707
556672
201225
165245
280167
224450
358701
710079
999069
965164
340839
313236
700648
595401
677088
837744
555436
442284
50586
782038
662533
481546
182103
139394
948722
995912
884764
422675
596610
800499
819395
164910
79959
653459
406225
777086
543014
410396
871251
63476
11131
719267
109511
411651
435862
510806
946565
587549
18102
677182
561063
981105
770262
451134
350506
64958
729167
98047
951363
243731
735985
957241
91454
91728
846191
955160
3998
241087
278833
852692
975390
901268
148783
23373
428255
949120
618724
421135
965011
368735
934898
211747
25396
626796
215308
75300
96732
612648
420337
30064
755070
656527
14553
796421
960679
48056
948668
133366
437777
438645
832630
385133
649105
469940
831970
64055
727138
478803
911546
21175
23183
646838
72180
989292
772321
847050
50524
698551
16985
752180
411064
583169
730518
521351
878648
840358
999211
948382
87809
771515
988521
884808
258829
715772
808595
99885
447789
635343
870026
85326
788050
236802
636763
941766
570353
178520
56151
75210
798461
959548
566350
278720
117321
911649
559714
616751
164669
559219
585022
915722
187664
461348
179446
370219
788614
690995
171769
261248
876139
521616
845685
813549
937776
924834
111230
895807
646502
712651
526615
999724
779000
81896
113711
373243
420672
525728
891089
437134
97292
538167
690599
198697
820961
220301
966271
998247
821252
885105
154593
116532
911161
667015
874791
924991
802550
484030
560365
990667
369119
101497
392488
779811
710428
549609
581148
614894
758333
145327
119775
675792
757101
358879
38529
508859
611509
884215
520374
482431
595319
209640
166745
255423
888871
221864
905918
339345
150471
837412
565258
778326
58695
544907
711226
375675
954463
33012
957124
913443
852448
140014
669733
216360
403988
587302
312944
43943
75450
2392
655744
284013
914835
917793
80087
616295
525805
282333
79805
916029
708417
960634
242530
755980
289512
945561
792824
235533
987229
74617
982958
633921
472207
751419
315882
82836
111238
881396
157570
62477
500833
584093
841522
528399
612936
71008
994432
983031
230880
166624
838887
797858
665614
793749
358979
107736
986050
610495
962741
772615
31298
779935
260611
211742
34595
719407
606628
192431
377588
400372
193994
861655
142373
866929
360530
145716
485772
771330
429293
226905
156990
854263
340588
889999
368246
567597
817800
579305
332886
9684
815882
746646
957314
228717
710262
614804
453722
7932
269760
33017
154290
39150
675350
38592
403757
170731
181485
981195
692764
552906
45890
866322
719707
134301
712720
162739
559723
634085
104285
510037
758628
259338
439095
516940
738867
731826
429117
813069
520715
197575
272852
474625
903017
547986
410910
55350
747132
486211
753214
345924
454315
235511
760508
561050
187181
851699
958323
16077
804588
368611
156597
944793
458267
370044
850403
253023
452017
561064
463617
216678
650770
292716
103032
650766
231240
548480
340850
963779
21486
387883
580271
237258
668637
22763
877850
683964
338364
788743
912839
166738
223416
385500
199482
15080
453787
356106
942227
674833
110785
850650
345278
91467
732123
395259
404366
659607
870799
949750
239869
980875
823132
454153
887631
900453
7137
791147
445725
62356
372163
599225
283088
758745
366240
519607
812534
581123
828087
916777
390048
920481
286298
215736
931822
18984
193672
796357
932807
862810
926543
762926
295307
148964
547212
267534
238265
390392
800215
806210
614142
587016
457072
31762
361454
788152
742151
644810
559105
640987
816703
328920
341902
832849
232262
546115
139702
842948
661709
491829
613098
894736
253351
152675
290575
751223
633536
490514
420291
464384
552527
750824
199844
521219
940151
446628
139483
536454
445073
336260
733591
487303
941673
515841
641818
905518
50343
571398
33578
172369
52242
4172
211415
8725
105527
668981
806778
251285
787704
592697
91809
89899
85304
918155
65436
784774
960373
600058
154843
789449
629435
322225
944339
315724
775745
86772
388509
155952
944441
350185
481590
704586
779486
223124
621812
627660
165029
962457
910885
205221
33506
839287
96787
878542
735096
761865
133093
198381
724936
766515
849751
809205
101824
242506
448565
487946
316084
556631
375934
231850
486710
105859
729911
485340
40229
61718
362687
860926
332866
73427
245793
797161
572576
989323
292382
228768
662223
944998
327472
982866
146785
357922
781566
746787
963604
432980
355888
421057
209762
393115
790408
962425
441899
97902
473679
399472
172725
437284
661732
179471
367245
450139
21291
225793
158355
180376
223147
158255
96884
693266
205825
911562
760852
815277
641513
584215
333339
34990
484559
573946
163065
711369
892769
144115
708907
348239
538704
358367
349860
606036
86511
81440
686369
485652
578974
403845
960003
230461
890699
638867
465318
558872
274341
945255
191718
549306
416597
282244
429563
507844
317850
878392
58887
350010
629055
763299
688922
392382
11280
992469
29037
460084
98892
206068
333798
796538
716407
347002
21521
449398
237393
139999
752167
365555
903800
337820
232254
693026
525457
652703
167153
228126
99285
410828
388188
955541
477547
309370
293616
121244
379622
549505
305491
877906
672944
63989
853050
304069
859269
149443
884836
682033
36785
227820
217806
81747
342582
548857
421340
184888
193853
16720
973676
814290
835710
252788
713251
223395
57378
654478
165743
635653
260103
456481
825356
281412
919455
249520
213208
649149
862544
480492
67333
78275
294354
541312
558793
694152
570402
287432
238497
163543
305051
73677
586918
276679
708052
697331
456098
887384
468122
610742
124403
34727
538160
514200
154081
554758
288976
779487
436869
106653
585308
816943
569815
214407
432972
426045
146347
996009
729318
651549
971293
73491
630607
482590
389336
674041
310367
106481
911098
695893
333247
877808
372976
921317
13382
394830
15171
176569
266246
852468
247556
3536
719023
780354
619041
530773
810456
934537
728586
576064
828532
688491
414361
60591
813430
594810
437220
400558
574712
449155
842296
193768
198840
664164
805972
190528
792054
159556
287194
822968
624945
645898
52036
59904
549374
526682
869683
584838
385311
536493
240959
77313
60550
508706
720948
561634
843731
601696
502811
168662
576285
815608
748806
347710
440881
331011
956542
816532
376299
452106
252114
481961
176705
612691
920287
111479
763972
930006
847753
427633
515038
904572
86051
709865
120279
747811
690072
470282
960152
682659
211682
745334
444619
953911
261652
989867
424474
162725
917797
919342
625437
820656
813270
462251
509513
530050
202714
990534
131179
105617
901243
499306
625427
466420
871754
836247
11092
877371
746170
856767
513003
89199
636741
644118
614865
2876
422797
353462
746313
483501
443607
450702
623451
315982
792865
260755
578436
98985
287779
788567
501457
881014
514270
155827
364682
830309
995690
796797
22720
721720
704672
832055
105688
920885
38382
267467
963162
46544
257395
811974
713665
414137
492904
159157
348792
92306
995349
357191
179140
497263
439142
759544
983018
352858
356264
877590
455657
347844
519117
961504
781241
331737
945140
610207
135558
987882
707860
329646
59815
316314
54089
680788
108190
879294
872281
650849
73635
810432
432270
303952
141179
958898
60529
663859
576143
156792
241107
635934
853039
310732
570747
900248
772789
635996
864320
720917
481100
254505
658822
560846
51216
265751
445884
1791
92731
905878
677093
213206
848493
890999
419341
345457
274823
329772
594006
386357
958006
266237
711087
595598
819993
532884
435125
146826
334161
218266
169168
153542
954824
775794
288564
781328
535538
520698
