501559
159328
33715
893526
70086
853220
321369
403008
721090
242935
837125
60912
952198
634159
917601
458528
403290
926494
439671
110869
122487
323026
197616
393829
227818
263939
470362
289274
719675
208331
697955
629083
531277
764129
179956
717990
780448
778014
660377
63538
931319
735348
30012
97734
999664
920539
594926
795732
220560
476806
444563
484424
700354
283501
555506
297051
351742
563309
723660
406524
903024
513610
201916
885521
199006
406719
287715
85044
628016
456272
234742
708619
192066
661156
303918
562735
3050
536650
272443
62390
910891
367385
123763
303351
71821
632613
965573
261673
35709
715889
270972
261858
624666
957442
937647
104300
450769
411400
358279
141020
759484
410855
225760
655689
709197
254390
122191
581919
413289
80085
732784
364657
466148
145088
15164
135350
704743
121691
971129
910630
966133
458041
923842
297496
805509
81407
229203
363589
477023
243209
648129
219164
545293
568568
179969
801093
298752
104552
230060
59235
247103
180997
141433
880947
721439
19539
906216
183136
975439
654600
446640
43079
390431
957757
782720
596060
224108
975272
39790
831798
198099
928284
524352
42374
949848
242298
113716
487576
270912
561679
19798
643374
341057
946267
644275
704862
629590
884771
46494
774749
425451
899926
373968
469222
860240
386387
142260
122764
952263
925414
736803
456703
19653
638722
760588
717043
444127
833776
309198
876741
640334
963771
254513
337668
568498
56722
452807
57450
52774
235193
617317
547746
946425
117450
76189
512769
831245
382919
663829
653834
330914
715959
417561
622799
791045
712230
459550
985518
195832
161582
100820
278796
978987
32273
195879
94765
135247
802751
148541
182495
29029
173914
648608
677748
363613
358265
536912
650378
432786
975273
508639
154996
781394
673610
872398
808045
815324
472806
53250
464021
59448
425154
667131
45578
659914
244111
590224
808724
224391
102951
721451
838787
808775
216035
655340
601580
918452
234751
741130
967014
645823
232080
208281
18214
951787
894004
820589
190515
258842
130337
335823
397847
812945
988776
497334
256430
941159
786373
559486
373658
658781
195657
924943
863658
485201
833764
458401
12298
798903
434986
390599
19745
424761
801722
780761
111534
491015
833106
325654
303493
375040
49742
839222
988110
317966
282719
172575
175456
468540
468332
159165
589459
216400
138085
57981
933331
373429
56599
606401
993095
94152
655073
412736
99017
137249
177997
560964
352422
134738
377775
125855
528053
842794
671432
522519
482809
963265
348081
515449
929873
620761
422447
792869
447029
151409
458410
753122
436591
563911
446183
310222
444471
101901
866174
37092
236420
390716
807370
111692
280320
552805
484175
422105
885799
755416
622239
604143
759621
934329
345155
552330
819711
728820
49786
833367
425585
304563
997981
676409
351731
502282
396152
8731
522808
321670
943936
233947
975222
200868
964691
826283
780482
634262
337811
484972
409160
582888
397685
821474
632724
479644
519608
835624
890664
975450
88320
223612
358291
387528
824466
935236
633354
926791
914724
999160
996717
927663
774625
699784
298201
166466
598196
942231
935096
145866
935650
524862
838290
414302
720507
895664
913327
385285
419861
772219
875825
403961
129776
620226
79411
643616
19853
763902
866244
422478
95916
899518
702389
361191
499829
829561
713154
581531
623160
416730
551116
528667
394532
737229
87183
717802
935496
906148
550058
371944
761240
435706
47894
763211
506762
272935
524962
260599
759763
801638
9622
794787
876768
966120
978206
962746
707821
825993
903895
289890
876163
709016
113774
61138
656871
375019
46070
945013
519606
905606
536125
826900
265663
71451
112497
253660
933196
735463
698417
150185
840671
868340
301620
872794
498940
7382
310709
114413
31044
625455
382759
114283
714494
427930
512941
423141
613749
36609
338145
981464
695145
496957
634997
237648
290831
502131
137317
395690
227778
468578
621611
223853
493218
748248
337669
268121
110062
199731
973158
999189
897684
772796
938228
468343
207068
526468
389000
523391
713775
526891
245686
551137
911704
287481
932728
576055
802521
408571
313346
747040
564287
598687
208793
356278
495359
734029
190266
474727
710602
36744
928699
925242
187090
501039
780442
816612
703716
568668
122913
570541
866485
422799
781429
358474
622800
934359
741421
962095
645892
855535
916398
388016
547458
304666
715347
737493
931876
445006
21492
816277
392428
591561
957271
848139
8233
147751
368286
590318
738242
527916
68677
921636
287655
312624
581488
805386
413410
656002
245097
44125
614328
75343
290605
787946
159141
6727
375598
748101
188560
123157
674827
72015
445314
636822
489945
233393
936380
703221
808986
181505
915397
728124
807053
203769
374588
507706
418058
574220
876334
731412
903131
511668
816733
548494
149423
282683
404572
472477
919097
833173
35236
646453
360539
728025
457106
906171
402922
908065
684214
837334
659035
217108
879653
714422
227593
911851
54758
258790
949281
334125
588953
455059
239945
948318
933465
737641
355615
90656
206599
526692
809161
830657
615893
193594
434544
242626
868459
914299
615321
684709
845460
4039
670847
305569
876666
256665
165181
215166
609777
196797
496755
811784
641176
389836
254375
783287
864070
920366
991221
784046
540727
742636
567857
307918
838050
691124
652239
14357
121046
753034
29215
491077
984961
546816
833086
11025
570572
199099
585066
133576
144608
384884
273115
627330
811815
643182
269214
878472
43504
31311
831730
339976
403793
533783
255272
511578
107211
700931
570676
265116
928782
849499
914697
816578
376499
122488
437292
137864
378441
510784
162803
447742
159554
565963
202257
717631
842240
292468
747807
929999
683102
996988
927941
358835
181422
295452
138689
786762
985407
172506
59344
768063
650452
220251
878895
522418
234440
361793
654070
111811
348634
20776
606535
366822
119547
658454
363392
348994
344682
292629
509069
796047
322859
613502
898163
554772
264620
100165
857513
729446
30999
966202
207024
421447
167236
925678
763835
724229
820023
294979
986357
547745
634540
824540
300240
655056
848813
887179
773858
953154
866197
88602
544922
812243
288905
688591
170400
477872
557696
287299
130904
656493
312326
229072
621301
628952
543414
726268
388690
326578
212925
688691
710214
814384
547287
381476
382092
879308
268940
559033
617709
703829
768400
421052
875131
33639
417730
550744
905331
732036
171091
412564
648690
917076
341587
290417
726835
787229
939266
586957
567004
915134
54843
441282
744348
926330
73487
251315
219622
226018
781264
531887
88694
839945
497939
55636
998809
940525
687252
284148
340152
787464
281238
336170
117824
532010
680556
230143
408734
987546
4525
20902
394574
497276
579249
330353
296051
575632
75586
545469
99779
302607
133285
826490
339051
398475
823323
600732
312245
383687
555874
660875
112102
990101
231643
949258
280246
758581
102093
725041
460318
805903
655228
153691
429458
355735
861261
108716
388709
312270
971984
115194
187308
788905
71377
409119
575255
712646
216499
570261
545868
347015
255981
142239
499291
156662
166159
961675
397224
594636
130691
66022
223404
254927
983797
184060
949777
16566
592489
833197
117974
152045
217705
196796
912294
640192
318988
609726
890091
12319
301814
636909
212761
139434
852946
690464
513723
266520
542356
439088
734406
551987
634726
330664
146213
63575
714776
545036
966372
867358
432924
435529
407200
75203
484076
292721
809234
821530
417861
144082
7031
949400
816066
47594
338497
967672
796612
113051
190741
602523
625993
529006
215759
315349
301663
139922
651750
404081
463550
610211
399478
581757
298470
637975
183824
489686
776267
558683
348284
772168
87959
351554
961135
30881
491997
427098
524935
327987
66962
861986
856969
232850
427837
540470
795907
329710
808140
805379
180556
772323
611763
458097
228370
469042
553657
536016
395223
532705
306736
607188
837626
872835
787366
727620
161981
527646
607387
383890
957643
658928
554681
904004
103262
296669
549773
429161
576883
942790
509910
854530
435578
794720
651064
884782
220124
200617
514124
740718
340897
184649
192672
511729
714858
504066
341446
761669
396819
77493
62243
289246
213741
982298
830094
662401
137311
956894
66050
804413
833979
386315
120443
965248
349251
492700
398546
625602
339223
801247
573998
761245
43999
351768
686366
751098
438529
516413
588399
578359
630199
93946
679248
718395
226593
210886
737453
425386
716916
548996
126688
462863
520298
350814
107070
663309
895830
601377
720508
5273
534251
916978
818398
785935
380509
166417
375772
393098
583099
398167
281147
267382
636471
768380
675267
412490
389332
299291
54442
284944
808087
352754
118332
766821
758123
665835
584536
714008
829179
933589
825124
896399
328036
365319
572305
11542
352532
232675
361133
766221
962468
697567
46061
101808
976268
951010
400894
289635
656152
617041
883094
152438
400137
764633
689720
25895
441593
251663
228142
819630
113099
370396
89297
69221
851910
451267
247455
707351
557848
10583
654262
794578
677056
332150
414832
664706
197461
165078
430419
520404
911739
142595
83584
303466
517714
970614
287472
203120
42300
271307
862977
703602
735607
997293
644981
285412
375326
976307
60489
756873
548814
734293
167009
406086
395556
735366
724617
395045
745510
371492
521597
570811
596683
41729
671898
501780
533966
458500
481781
288297
753953
200286
157535
317236
157670
496544
198512
541475
677115
402978
643534
683781
214599
833481
569161
531712
128157
617979
487014
397914
421514
939055
162054
88940
978193
140812
157056
286263
135276
903901
851325
41141
590517
542353
834387
923421
137513
93322
270366
526660
734547
819381
357881
914983
933728
697774
515178
293641
441520
929489
27863
308963
626417
218049
987678
7865
349185
84550
356539
611191
678827
415552
501278
754225
133436
469525
418739
970434
799102
487489
895135
586914
534756
466879
985831
56824
190967
238431
236066
395281
275877
996698
748302
400599
22217
486784
415644
981364
936868
764346
835506
923171
683850
842333
623025
616494
542785
281521
516155
377472
920436
352104
868624
405740
838947
970404
259830
949869
927004
486504
461847
391710
530447
1624
524627
258357
62700
393754
740471
392959
459768
153888
548547
941529
969527
123464
506340
251407
509193
44928
941014
923991
760244
960026
139619
7587
869996
989665
234917
956555
722336
930551
121587
195059
26504
194432
588206
23811
597655
702882
440955
257643
935483
101505
242144
552285
710199
617408
530314
705647
994577
702015
600189
560911
875579
809783
562347
71615
991167
22801
103682
378100
608475
807227
179409
970498
638761
474572
495910
709661
889227
626829
424050
438185
3279
487977
618581
322336
859116
360979
648166
539877
166249
796645
773156
283719
772110
889123
183981
823140
495666
977948
798960
905257
680163
400431
582543
35616
57925
237871
295
756615
183487
589668
398603
480288
772947
874039
390066
776831
934557
397778
114815
791567
917856
401946
967788
409522
951521
170261
114844
262659
622194
564365
220189
412204
722066
17389
987422
352764
27804
535983
728134
761870
679387
16343
171274
396762
321631
485479
838796
140831
962322
940613
76525
81746
46081
480098
558960
272492
685417
474230
522115
309226
634746
117381
995862
287635
925661
701457
366165
774635
405523
833966
702620
527868
427286
248426
36215
539398
357991
892973
241912
179917
545374
412955
223343
832991
301703
459944
697665
725675
345390
182404
119717
482874
840863
763643
467051
578676
293234
76489
328404
796854
681266
563123
319055
305181
361072
386096
369722
884262
673005
32397
844386
88088
376855
218188
505275
30253
131819
241234
370774
888774
571272
11079
809183
520435
742329
811385
653165
701734
814897
423922
353640
472474
411200
700873
564600
769243
441243
125032
137747
529118
950879
397867
70706
631469
398774
225592
568172
666125
232741
653669
347249
285137
573108
534982
482302
953188
308304
685007
166944
267590
431652
375328
61441
427222
979895
50451
217867
526228
760402
177286
49148
12708
655262
747688
540265
784797
92578
383942
296446
53820
374993
859801
381849
456142
135466
186252
177914
665751
46436
684730
148311
725082
764401
534390
919193
547023
8240
583109
771080
829211
480661
368545
34462
45491
557066
233040
248014
305548
26545
509962
184058
154523
805217
606774
260900
407686
824963
579660
863224
815361
555640
128484
457670
720377
735216
975375
401746
893282
35078
170296
227748
300300
808583
581449
367836
196837
728184
413708
857186
639044
813787
871904
485558
816183
344646
32259
423241
741075
267915
380352
232510
185040
437391
223050
40125
391237
74865
224068
991600
275602
87832
894640
804931
986245
391146
928872
5363
193075
539249
420218
511383
497744
243645
910291
312703
663399
762898
522685
134511
397125
442086
635618
917674
670399
925171
864069
792881
919034
84574
705715
758661
889794
935205
428068
717485
285783
768758
984017
291912
87277
241374
422842
259218
805696
990816
901004
214575
455196
236911
989008
361269
262968
697464
317789
218142
176803
494321
447241
205085
447231
142350
384449
152779
376900
731674
8475
766216
637603
358372
97797
108946
664919
762804
228956
756703
914802
759485
848103
515966
472258
359910
897230
578658
688375
725939
533412
752186
609844
200956
60018
647691
383221
959693
614799
649967
885568
590641
310818
670498
913966
300384
380375
818625
534395
108054
235594
414678
607885
118839
907307
458535
106219
887180
294707
77784
290630
245339
715953
80290
826166
568436
387696
429140
372984
621575
442788
809174
188571
710039
170248
14381
963124
12397
920032
561024
593053
532082
874041
116650
670345
284970
625789
113053
434215
930556
710742
100299
162542
460048
350483
733122
993721
759670
923867
569041
725546
921182
680978
358456
904359
663433
599497
260984
970868
685524
77
355381
572269
416966
448621
788306
999639
761982
587610
749695
332834
395913
883216
645291
469048
652794
589584
672922
235160
308442
22283
95405
554081
304688
725626
781160
252507
357446
25929
433319
471553
40088
75905
679759
967547
312568
668392
549537
624213
891859
573777
2568
209629
821646
491111
784009
121032
756170
6557
646704
352036
79550
723324
542137
419214
632078
730891
143039
337982
640980
958699
109481
137303
58941
785828
971609
235881
408877
145883
718410
747295
266060
331690
288014
268246
562685
203390
727616
609201
7453
304768
819980
931229
10071
652989
384638
188909
393276
706407
791324
709968
839189
438061
470795
454788
605861
52099
470455
63581
739873
484729
276936
220532
93079
695799
952351
60687
862451
506792
779800
682913
290334
551534
591644
203084
968515
956745
461039
88410
783196
531289
87152
186322
968689
945228
194297
561219
291619
419707
550898
865971
368790
52191
583332
879428
337861
68595
985472
261585
526306
538301
930759
396688
80551
487582
334643
486048
460320
164143
981755
151679
776784
70260
481011
374568
336954
292903
357594
464701
542281
629061
689715
154341
686908
166820
485838
929783
466398
870521
48725
676062
714457
156108
480599
925680
483600
91133
708512
68082
589251
186592
548254
174106
998883
443039
645379
155108
613924
357790
274511
428305
30811
202125
128894
830115
949287
112785
737279
606772
645736
846571
741484
308246
315843
237958
282819
351742
953904
691895
419523
475588
338829
895578
88373
339644
363783
462966
152932
292991
677600
621465
746920
976671
791721
213356
532790
105512
749726
27943
429116
669682
275874
251846
387296
119046
734083
965653
297661
155269
237099
457633
145273
633574
28128
769479
927165
604991
968965
628173
216544
765188
318715
332110
139325
619700
641629
572807
490769
795575
847158
242720
153732
313570
590269
165459
66351
77567
690714
921398
311380
992287
285158
760979
327161
189798
624183
163274
635869
2736
944587
947254
377808
704460
923420
746520
998655
903553
527537
458029
61228
644513
552390
512564
949178
667403
98280
975833
427565
441454
46703
912662
47165
186031
814102
9800
469977
922242
983588
966581
59947
979417
19599
397169
688513
706874
977850
964835
219965
442510
228650
795424
539508
994387
363505
968100
313355
726383
66449
879188
672926
226554
335912
176018
785928
398491
446944
216654
733791
807792
787472
324937
66901
212935
363641
253415
615179
333550
565213
47393
609774
877755
948876
550801
740377
615540
771419
963688
863057
955077
538921
493546
665733
258536
112194
534360
883298
174134
541524
242797
76114
576010
569593
645658
898652
513564
364973
552721
647277
978283
40344
47243
212861
339585
742502
508333
37694
665892
247541
573254
793289
770467
742651
530373
471487
538905
778187
870528
450159
406267
548918
595928
939522
806735
444411
475894
265389
853068
889815
681994
584017
605869
91764
446971
400601
324680
631145
940972
512110
490122
964004
84613
383948
822704
105632
61407
868698
933953
532015
114290
515733
524110
318864
991444
28569
138777
632895
524310
19908
928461
171553
535281
28608
676899
130025
158250
588173
99657
114563
251503
499423
79619
142470
474836
619639
555554
282035
503815
216209
168638
307514
403288
912482
996306
788803
170936
898234
591769
604780
519921
182309
101167
208763
740852
926442
496901
366457
971133
487054
38795
653963
905045
475892
383018
613203
552463
111523
731552
759137
52643
171923
124192
465968
215637
664518
972715
264334
931011
878406
565471
52624
890067
812742
411395
54183
844224
804696
219543
661871
756272
194137
103126
891958
333103
353189
537857
164394
558174
902915
53637
95215
703471
588938
929541
583239
425109
256121
47270
332245
646871
216933
620457
379059
760927
859277
526872
664378
119492
257435
54108
646193
377827
307540
877881
236267
661040
286216
207763
770395
130047
912043
918846
591207
213026
120435
163117
202367
797408
953291
275188
538631
38526
433012
779600
683892
283125
109511
723348
721807
447462
825246
970196
364888
402473
163458
465916
261220
566702
244232
84660
670805
721771
618152
117705
388155
140544
632491
138152
133754
14212
599865
724843
375161
838441
128445
195978
985480
991340
741292
55759
592712
16088
262567
994642
892762
180066
238559
890536
490776
904016
136731
205466
542061
712425
28809
467374
856832
840765
557079
642291
257935
922977
875792
50637
197561
441610
469549
792412
679946
190640
104286
783994
736907
300506
832764
954549
145574
936497
477489
850281
22943
983861
546953
176130
750623
399651
644428
476793
991273
116462
241242
833171
267209
599528
557765
691102
637784
216219
200253
151837
152067
397177
360631
307368
457171
166663
714633
148601
949521
344793
153882
817472
258955
164547
601302
697221
128923
893214
570580
706583
460356
417759
664788
653790
817865
67175
741518
125793
915678
843173
621691
128194
548200
547173
841484
83675
236497
966474
792333
740854
57684
232654
935860
870448
15557
249711
990507
737959
491249
92478
170553
799960
115725
388379
387772
649361
904186
52332
452389
858991
867843
251073
630668
754160
514554
922646
360929
21260
188045
329495
404080
617454
784609
86766
211056
981076
662525
101365
312278
548444
636938
919170
224201
297365
973514
530804
660370
908735
332421
244925
726109
474902
884749
516339
23357
677304
622879
895069
322537
147480
217004
96936
412650
664474
650658
534839
69421
73891
668509
293337
361756
907532
374174
210367
368254
372049
344282
151933
394501
831112
462409
712036
79440
970905
978264
193581
631681
826403
146303
710373
285770
77952
904026
557179
21833
553555
128857
737256
545886
195517
594040
294508
808834
396663
619830
472120
182086
158782
11206
130521
551294
684903
324919
806522
587420
724493
279662
852533
731890
26785
905743
431175
390844
236781
593790
94137
694639
773497
518203
545814
203763
567876
761418
243847
899596
625983
439213
876991
99247
539404
657302
122858
184579
466608
651485
415682
817909
981812
557188
722746
999407
19330
563246
566209
127547
370525
559075
395870
616571
900152
679536
267529
261248
180569
505715
781428
157961
193424
201580
274153
52826
715231
675555
828503
515681
88466
500717
214098
204482
576632
214462
544148
243433
642995
379235
567168
585633
255490
654702
53995
9540
670434
61216
531389
230561
706063
985184
843656
441202
428984
513364
967506
392192
160653
514535
788954
165860
344760
779003
616705
581974
876940
379873
386048
829742
284630
898056
71277
624816
501026
282273
348098
585364
636174
420320
720886
649893
980620
628855
533619
128806
561264
82340
917259
668969
298949
434345
625641
608481
417273
189957
842342
464789
72483
426008
983947
816133
768352
360691
622690
286920
822347
675416
37765
210108
630101
338734
308750
325471
450808
897057
769740
248067
364173
496438
548421
748633
259151
126557
128197
581196
258145
197038
10169
413485
904964
941918
636691
876910
565227
908037
390724
716930
758872
501197
104538
562958
805457
784636
752417
411070
318900
925432
641292
751574
394460
167141
439979
407585
77554
142046
613347
941036
802039
923238
531070
641402
615449
588405
102767
315447
929560
56939
269596
289420
766141
434949
933316
56692
722724
810495
910221
460986
11519
738351
539091
143405
891144
740436
916131
595413
186993
966487
359560
547899
125287
60162
186140
423922
238687
621181
770813
126264
211433
880473
881334
770497
411650
231923
668138
8348
929723
122498
125129
917024
434658
270625
860560
824023
805136
842598
928277
495535
980047
732014
606294
271348
212656
818418
996502
602484
418695
739088
941608
766423
3526
210250
893728
173883
502135
38484
434433
278200
617026
630533
630988
421894
499471
227136
283537
791854
966993
187838
913063
642526
232413
451071
352906
273157
441224
630471
81653
812143
120429
29158
950230
684221
124219
642207
478028
738350
552204
8601
424544
218485
736404
363864
886772
620660
341161
441248
979271
131156
276125
132256
796043
464455
80730
247408
876817
613173
902909
731326
369539
279457
533134
633240
4754
287716
463874
763612
637286
255571
30686
928667
490314
948355
285571
830186
46231
186939
990529
936350
766908
35434
993706
351077
469067
313022
476563
572069
754956
416104
435386
438548
725324
518886
835830
604451
495839
687956
383468
465753
950345
445219
768979
744694
481301
8169
994826
114779
531327
80543
665655
987096
264360
244516
307307
319677
568162
110924
159340
6435
828583
216787
865762
927954
36663
348525
722390
511990
267733
508924
748782
330050
594645
779646
770478
336776
814090
388316
799820
588001
291727
377631
936600
846655
677972
479634
613531
426010
48357
840309
781781
594006
190905
47044
587911
472172
61606
128753
985644
405921
4252
773564
279737
360453
835648
379675
178000
504382
874183
723278
116767
61215
733598
682826
385090
280617
280727
632312
675772
960835
853671
596562
421150
676566
680369
911245
291484
604473
434841
953676
133389
141326
312502
494136
884207
837317
334639
818953
865169
186230
558142
961024
986970
235413
684707
190417
475890
922097
807156
551155
144989
726878
280018
645384
579561
966465
344394
182448
32227
409925
710387
197607
862456
949211
232158
212238
507695
851180
689206
851344
176405
44465
479205
465091
891733
77718
709662
718293
515112
785233
573269
238920
685379
661187
192372
641966
771140
728656
761088
997724
880201
357525
428987
829614
242096
683881
512919
854359
779522
463524
939338
931781
613504
288008
816463
640822
537535
735946
656768
747615
266574
387071
179167
113472
372020
902814
481322
740563
530284
820785
486793
417269
70777
982742
272301
689140
747701
336192
738428
39362
921521
794782
605305
480047
920056
471800
430537
952201
763593
590758
608360
471179
918695
937549
99931
170444
614232
406535
450765
901828
316978
205897
482358
446488
795512
721261
31680
720468
151491
71321
540265
327526
227443
90406
234971
5472
125011
578124
846444
707833
444281
251086
381081
683782
451289
303977
392146
968314
647046
904026
720826
676738
925123
765609
684963
365348
151173
192244
912201
80177
142682
49919
876663
194582
806437
293957
138253
360230
133584
448503
301745
415578
481257
502410
929678
35300
438037
722157
512050
328277
278326
690702
157294
328494
346521
164412
792481
678189
507828
578821
504444
481772
530687
444820
10056
298913
652767
509315
868659
451662
34330
743926
649192
103974
834912
236161
18433
426857
522798
593490
908191
94652
374479
663358
975727
622344
886662
59018
163857
409018
312257
767327
973277
498585
551885
642907
803216
88557
965417
283191
606417
244228
923992
111312
981282
482559
168859
862675
666771
49000
748530
407313
258701
160869
768754
647496
593419
705409
146196
976154
92796
184887
190874
740421
497540
34919
264654
149642
783995
27442
71919
357633
307223
940331
650798
298493
433599
10673
944613
700746
712375
540698
940595
694968
655637
561552
615437
272357
913728
972934
349186
600866
661335
897672
529903
857658
198184
837168
450037
185226
757933
554238
273345
790862
291727
921892
314200
401005
57288
324510
126759
629173
607085
595375
760972
557060
716695
385654
451204
132296
329356
923625
807890
131131
171427
71336
752208
212053
536565
745652
368977
721571
539649
368974
250202
580234
684744
753724
362040
739694
106377
635142
610025
560811
924194
514802
194067
330419
280730
792384
804598
829998
322643
517196
403040
845399
256053
127078
645144
229455
363749
705857
490910
110650
68666
447526
591234
438717
587122
316885
278682
291447
432967
524990
490029
871881
199233
731713
254546
64221
972270
975278
130638
301568
294247
633693
167727
191835
748712
66609
760496
523505
504562
675025
380340
826586
863351
121868
63851
997829
434843
364828
14821
977080
127566
956599
652147
576163
733732
840139
199481
623765
614678
431134
189371
428954
999306
965813
914273
576029
372152
644634
32330
974790
819556
656454
940842
632544
403563
722500
971146
286562
739183
977787
569989
404100
232881
95591
578885
923934
825879
690115
353090
704329
803945
322908
993672
788057
675839
755280
22084
935996
870477
212767
635425
271689
113168
868399
696072
847414
111486
101328
168984
116354
303645
406305
972652
559351
846660
765991
393894
921262
219531
724370
654074
466142
227828
542487
808180
908271
927333
187484
922967
342462
647768
450990
384025
622029
957263
467113
600540
435977
777249
204516
235899
5495
824794
466297
739357
157764
15230
628606
180817
569817
212569
791629
167468
348917
828310
427379
517886
448483
9193
486159
501401
70481
168540
738431
663980
591851
401705
16744
711443
555359
121525
186616
896896
185659
196496
98611
810434
449713
925007
886553
48329
415695
685730
116399
134081
392159
370593
226711
152789
131571
972231
187219
541970
4381
558854
656990
264255
616482
161751
453670
838234
605759
542732
674095
229344
446341
590045
304083
512240
17830
332929
255889
696861
796786
435972
241668
398548
77522
443240
427577
306981
986226
404445
23776
631838
115954
28000
702959
19085
801479
369572
578072
454918
429072
677051
233705
981722
468648
180259
706911
162265
489643
963440
314831
425112
716964
2199
579533
191264
872068
690589
931155
981564
196573
404556
298722
245233
898457
528149
623921
501879
766905
915645
625345
55681
557233
549820
979963
625342
316560
593877
673669
98134
188542
830772
44694
233127
633088
477258
708077
678351
400265
435859
952264
396454
791412
483084
916649
352929
995347
445678
535391
805153
371573
865984
875295
331304
837521
59695
977020
335732
592609
940311
382169
653377
533431
885011
598296
729524
738236
592560
489935
159978
274073
736030
561783
650356
486563
968228
965373
814621
998750
883265
171396
336685
957248
824158
428129
967577
923861
32942
39187
400468
302300
827290
685538
723491
70566
491112
847752
785882
301444
553512
139054
311557
293596
615314
299514
169811
678797
22702
705603
195144
655088
567758
629432
439858
126939
338296
768668
932732
532604
848631
705910
142825
613979
120822
254217
857650
276394
842421
404283
545005
297198
372029
842155
814196
806920
667854
338910
337536
174408
526045
706838
595847
102249
113664
881165
58986
565644
929149
630809
331189
970059
959884
597489
651217
298980
116047
68463
324038
805078
868661
597504
907357
677094
842795
425269
407357
810596
9387
108145
367493
81685
661416
14340
580665
111176
214661
240132
697353
295397
761164
567119
256820
860493
771129
42204
797720
109247
792487
320465
307333
700327
804260
864619
468463
421255
612039
672810
161181
529841
547312
105410
570467
96931
445209
663285
437576
256195
281335
480048
860609
327416
959328
696072
994142
146477
339809
731991
682404
149171
275771
961588
557914
322615
701851
660387
975816
630061
600353
55459
769059
488384
234007
725004
707737
211853
543409
152083
350154
59200
424960
537959
939567
523579
298274
971783
344479
993754
765081
474588
35674
453105
214007
973173
603319
44038
201841
702814
238036
232664
341270
319673
978552
116911
931154
135053
743861
968458
406354
68709
732684
492972
723070
85864
795566
379693
128138
654749
165889
313966
309720
860300
653838
450313
924248
281215
961174
582211
102687
310310
482861
354074
932295
177689
618383
585394
530140
894746
521328
952062
560181
878678
25078
102375
926186
128661
874245
383482
34148
625839
184069
614344
963938
693147
312503
156184
370295
912104
323383
849356
724689
840347
30602
852933
571686
713949
526046
510260
495841
186321
379807
840905
176168
832611
311773
967873
726217
265367
684753
593008
29111
456362
180783
786912
638619
77906
171021
882076
476123
128827
686821
645027
467018
103097
793048
593093
427680
936885
943129
274500
932041
69411
544395
783998
41714
820621
466909
374396
336153
360156
569238
577778
934370
196562
399169
340480
21760
309367
802687
473972
68828
533603
205335
439379
693495
579126
375726
381395
105929
734821
432802
249904
311763
303983
352616
809917
684963
403387
804284
516008
766731
637780
291753
68130
458394
904500
981442
583794
144602
976504
313932
821777
220839
480065
660238
822735
232860
400681
490224
163153
272924
627486
416621
861027
656745
736467
542594
547099
66500
93586
82894
690298
455702
823366
133289
601017
437391
130032
849277
392390
273562
777254
960385
38537
157820
709096
142130
651964
204658
383688
112159
909048
484969
992641
382003
63868
204770
806984
787298
655442
217435
666460
659870
550814
640776
926112
151639
681082
34842
740344
741153
883076
341144
766200
424030
413837
961063
155975
894357
414314
591132
482429
587619
683756
517247
338951
274323
312666
646045
137009
947377
607357
766989
724661
258672
310886
781756
681218
360709
657610
500926
859856
843975
130259
829312
859760
130134
254048
432082
347020
322455
935066
704826
241373
910998
882392
831908
270084
965275
983583
477128
41052
977443
72239
211930
169393
488573
975059
958724
143204
800317
334618
639614
988922
690736
34053
594526
251492
96246
555830
785481
648759
509394
95358
47827
587013
429004
592844
811746
307173
438941
276904
267973
115346
895502
849955
732187
755185
424927
779099
868987
14468
493124
278517
266485
391916
159434
330935
489108
582728
269349
341371
387853
721929
303548
399498
152725
986432
437691
153870
459611
305368
352607
147467
840387
545881
98649
846812
429012
890739
303846
783672
734113
634844
957684
319759
827952
269900
331814
839561
714388
899752
921896
81877
96505
492344
83231
295900
161149
915774
572560
743976
742166
140607
175168
502107
367615
756391
605054
757149
289773
104061
786017
430119
541349
674332
86020
450507
711388
4536
449642
51232
655541
543494
194597
242528
400323
542299
434797
154899
810610
280288
41199
376340
836162
684704
227192
38507
514449
348226
448441
636722
589539
586462
306640
688552
674300
835662
526325
668830
396936
265098
168404
334309
624490
552918
209896
770155
824114
364037
559188
256630
890046
87273
27500
635814
572792
479820
47776
780126
212758
306736
595539
940481
555253
358834
35728
345761
994356
360799
677586
654722
518289
238233
323072
376346
76887
277324
873372
46437
947893
342078
533118
474775
960492
103409
403042
328882
763703
721301
47256
907916
937985
737827
905611
798784
812534
114523
223128
879730
88562
612339
982933
538637
644141
334985
695791
405448
879019
698539
670246
445266
818960
900705
191478
981983
879940
486255
646519
871564
65592
296235
593079
324870
225918
972688
544339
547552
913545
8194
43666
222446
799360
312679
629710
175099
705891
939961
835297
516703
160451
385664
482086
835114
935995
689414
797860
99890
935684
574274
225872
803191
679575
994209
36624
242234
863756
725994
706319
913595
913571
185854
810056
187961
35791
401859
408009
567274
82593
256088
371071
596227
465776
924584
894862
560470
787303
617645
857542
264675
769322
176321
995690
508596
243925
732647
939882
334977
907428
246821
389429
266886
726685
736966
280262
488108
634496
286849
478451
450743
772631
568724
999872
57896
512182
183864
169855
31179
401546
283081
351343
674741
697183
780834
343216
502569
417329
7950
733232
690571
241209
160895
272790
386696
317960
302719
963395
275108
350927
988976
93092
192239
393191
412322
452482
958405
750991
989716
189646
233396
187080
254757
842766
769793
759629
87395
387715
599911
242795
638343
914586
564111
240936
152212
475070
143453
37782
650848
318884
406802
569223
709187
278223
930013
166102
703713
751204
157176
997377
574872
813393
170635
564829
554099
136010
952818
870997
648295
579120
331306
757897
405789
845084
859737
286107
498109
376734
794439
445768
56440
208691
210748
546691
277883
217900
245953
596578
466469
303244
734037
954322
841896
44076
117849
921613
822048
22011
868804
626709
809029
717272
185781
466570
681127
126401
68208
336530
125055
945854
204653
998167
264136
130999
25096
726474
877970
450447
986262
395
463413
243029
227461
120840
999320
908024
950481
430505
497550
222087
900720
681713
132330
886344
815982
975367
165902
873916
201799
579472
35277
149319
231448
289830
223937
37551
82987
494218
850270
368471
825510
959533
612099
372396
799181
713390
556544
932943
528278
623138
151421
586297
584533
274130
575134
27332
703821
27282
992945
975293
279383
799993
327004
887027
923746
820158
174939
467454
896859
514477
388013
35518
576906
690310
967996
818190
25276
165639
673578
966331
454759
406810
977222
717812
451408
996313
599389
741002
679156
969606
422574
642560
224889
669938
537321
921214
916334
967057
210498
242183
484277
875288
909183
929432
927826
443941
128131
426933
927625
339836
813565
805921
305536
880885
454596
558912
123403
514646
54837
143981
863460
80120
152499
606459
776309
5561
265822
436974
899418
745570
444324
843037
879185
556396
96923
589955
125985
931800
311872
675757
674893
875090
970914
547518
521034
728667
2835
184181
64818
162836
960200
674870
3888
249421
156142
436165
937928
771470
236571
765151
979645
425116
977956
467327
149766
448846
33384
312596
413953
812283
8227
709537
19134
954497
316498
338345
551423
71003
778684
286294
150709
395225
696392
733595
196208
419420
243669
792399
465426
926968
471576
375332
240083
638790
396180
501962
240665
447509
811915
804955
595276
116876
236819
386665
75932
352337
689183
325499
946700
953480
467197
212032
843173
895742
311605
932650
682813
991987
716542
130756
693590
676099
467316
608307
482942
27779
124410
42473
721288
26712
228862
220879
677592
69218
194646
320795
706340
673799
35649
547140
341907
315205
98991
176
91917
580692
250846
588896
891099
970658
732217
831818
832090
841516
907259
349530
659064
239294
56501
252448
826837
258238
382084
702887
814944
537224
188879
967231
432744
287385
423860
666735
875322
308108
209587
373571
616384
269063
38056
502019
869617
500610
327732
642824
724686
105421
624853
987319
501375
210704
692644
405241
935876
373224
944279
255527
74130
223171
445207
660453
470526
115134
257566
613373
358918
717563
229204
84134
531147
387575
564016
253530
109185
284592
339594
661108
758173
119140
730777
136064
761347
131328
187116
425509
474792
369633
483693
881089
592668
462333
722940
907009
292193
776158
30525
869078
29545
122383
124935
759011
6823
388471
397421
844542
224511
734925
891462
34384
520953
479921
382279
209468
233215
235174
791441
493383
305492
314898
59485
21689
987317
375140
503583
415371
57170
845073
890005
787128
635066
182589
883721
549541
34800
803691
590804
70431
856249
128616
691503
351468
31186
728707
323003
624663
546757
745932
534432
524139
46167
719150
570949
278270
398546
394528
496620
557545
641573
250692
904934
662729
895033
656127
91771
882346
897820
484380
427440
916057
630752
223083
504513
498536
456907
332776
95092
391863
810980
121252
431713
511112
849907
114007
225331
292644
482473
158246
572831
139887
924533
622285
685316
251367
2911
195405
432397
332057
278028
399842
291670
572342
71787
327481
696654
192476
320652
80698
430190
600169
617156
133757
473008
411683
126270
753985
669587
796435
264132
845273
462388
134253
478243
783702
553002
802587
670026
797448
429238
975857
20204
388057
180033
411408
373666
597032
725201
435999
897799
428490
525011
792132
482613
142154
94534
684883
973576
964784
204914
498717
663707
555225
941723
737272
669670
217462
396397
877258
420620
582345
882560
917677
821286
957540
540919
472498
756540
311259
689047
311118
288939
517840
267716
497390
965817
378559
415476
483414
29868
802482
848698
291894
453686
965688
669986
197139
377163
531261
671986
405923
726932
264827
200092
838590
869966
344509
455447
543418
643341
35859
708055
763658
268361
523127
347314
744552
387467
945037
155587
582631
656809
336015
527525
308213
497101
692828
772080
900303
38969
432844
390516
214720
27182
383212
185422
290352
717307
721543
205462
347803
275143
597883
986034
575068
331965
668425
387745
783634
826118
921295
384995
709884
667175
169477
801103
289490
457779
119418
741138
535235
717030
535729
286044
978941
661008
653133
894791
843362
708818
348875
393266
132963
116328
947556
870684
695557
191153
630629
214600
753610
6508
389719
232052
532123
592851
17118
386644
431744
26073
309439
885005
233266
743668
156881
12214
314969
906657
4057
500192
881679
43
309153
495431
329541
48691
855152
248066
772108
963817
120192
699908
647505
461399
695578
924607
696458
402668
350012
427127
158180
592800
617655
913269
346772
678731
882565
34178
302495
753754
481103
801726
360944
362129
797654
229470
740264
770239
381477
525011
21860
380831
830332
115404
187684
180068
734220
413789
784280
1072
968350
96574
791160
595714
899527
497172
480115
128130
159607
526607
204517
664697
752343
162053
631319
817761
629587
175077
740667
735571
152603
132976
226285
448556
465158
712655
695437
735331
919287
562997
207340
681062
151563
442362
746795
125865
121504
838457
371773
167026
883305
714713
796432
764485
379286
661205
911529
662483
838708
225096
159031
63641
648323
991416
127392
962344
577946
332463
232948
875953
863572
904460
546692
353885
623671
920321
683934
234133
276263
655545
601842
2204
401857
586965
205262
211441
839335
716175
391316
675461
610967
801716
705782
577929
319263
910812
901891
791151
207881
709906
885341
498671
614085
644093
869047
281146
806432
214970
720636
148374
691808
71456
227306
276573
128501
737486
878360
977461
938736
728375
990353
76465
574535
518976
740613
421458
700370
466306
615629
434791
298487
901937
867393
90182
611718
643066
562790
63066
448067
467171
273477
906784
641750
379241
766751
42434
624861
280026
565842
927266
959097
219582
159900
23562
261518
377678
861674
249201
672029
294944
315885
488191
532719
55193
922798
532400
499482
82818
555508
501143
496536
755837
909148
446256
589061
340869
433785
821912
496909
622282
178011
560290
59684
828024
84505
326654
289806
52641
824784
328787
550077
609220
703602
344729
297137
695058
586144
435007
220384
67335
84407
294935
256043
978764
464231
7732
254184
991813
936807
466610
898068
827301
630511
111811
733376
711212
454919
49289
975592
831567
408671
813270
968478
740079
611574
841509
153327
365293
214972
391779
444911
235621
831365
272809
240912
62902
366871
539943
675980
712158
36941
6323
198902
887384
917820
966007
357048
331506
716779
997382
467449
552887
596507
502247
155491
234887
126764
536771
452999
599896
117155
65185
619060
824374
964942
139162
239484
207789
299300
409266
210518
764854
714309
182570
851636
276881
456786
660379
313730
678412
73277
9008
383769
823576
300261
606274
946599
217144
867170
398559
945249
845468
270570
767116
200238
91766
39225
356910
499528
533694
153743
755053
999425
824611
256459
334625
240186
632403
978943
919128
143547
288622
644624
579230
852886
677527
803208
854722
416934
485931
174666
128526
684058
682635
41225
996265
176503
709695
231278
581958
930322
669429
104240
111451
470337
381826
187899
3785
413805
575103
469019
720045
355684
789765
875984
245871
202411
545227
226155
957472
912282
810728
867544
320943
648522
21659
204834
992010
360058
388311
591460
112257
551654
245298
371615
215003
429622
913394
563649
918457
199199
516061
856604
499703
600494
977591
502311
824401
57776
618796
637407
313732
731194
384298
225836
687382
932610
897827
141402
829344
702127
669080
440062
453692
158126
388266
232384
830302
851296
399500
757395
150361
62848
799526
957044
377882
456797
172888
541618
202866
459813
146113
7401
871732
681431
835782
445359
658383
105325
634104
971704
544523
645842
154893
671272
195334
495775
862286
901276
454314
814243
436374
646669
493424
293009
691500
835917
336468
396216
325841
15151
116818
898214
2321
728542
363899
33920
548216
442741
683904
912914
982573
917349
26556
303668
589399
253438
482662
834043
693018
38413
441169
266404
251537
987723
124772
844665
840821
602272
562564
418109
856317
292241
765528
644090
799222
590823
90706
86262
970725
533407
596757
439095
375057
184748
253271
22270
12018
452836
372149
760105
495939
267802
863465
557838
406584
231166
258308
766476
256662
926817
990129
410197
146072
444234
835971
521224
703401
224201
905323
432810
221270
316872
595618
717002
308721
649215
376757
536367
799090
523753
62469
761364
141112
970535
46152
592545
468483
93443
145380
437049
857030
867657
358701
572449
963650
459735
365522
293733
443870
899512
566565
961009
286342
899676
906551
525805
989707
448310
428394
690
255803
261909
918099
794145
782607
389267
552330
659800
412714
746954
31006
6014
822113
625057
633876
391260
65184
196429
452088
440775
623492
483996
609622
336197
252362
87735
202457
907119
870368
559187
195893
14587
437195
226512
269907
631186
6244
792740
764733
694161
52545
892764
656950
