637607
951090
988738
670952
124814
54971
360348
189628
780297
486225
798382
10887
732126
87980
891118
343744
897470
680293
710185
671077
205107
182124
197392
47551
871049
249955
525610
457788
172692
939081
906972
903377
273252
644871
752477
762349
711123
703541
248366
118783
975065
787499
618220
778356
390858
503731
214103
119789
700498
587275
186881
776931
696991
792406
933239
52932
285971
508544
711910
875569
128222
341803
208191
626472
730176
821647
942092
588190
853999
342704
591263
150341
591021
582017
548895
266982
914053
801188
344061
380481
689441
516102
519006
945490
221715
193931
295412
986920
668101
269722
857542
754268
692538
745198
106623
911420
915128
416387
936723
498167
840946
489348
657628
169383
247752
681538
625369
812583
432807
846559
796744
975558
153080
766967
464207
340626
473224
859317
278125
132996
476138
607068
108613
691929
102590
293089
797328
493206
392612
902693
767360
964627
402945
963351
738863
93440
742904
589500
732430
752654
234688
918968
521930
149470
259035
578495
329715
775891
924687
473255
494797
663479
216887
728785
117473
75938
24480
351252
613789
484243
293509
370354
845689
351865
78560
281061
287859
615070
472955
310514
723688
63243
55772
939684
429497
947759
144850
968921
534798
960628
413763
141054
945012
308842
379089
206212
258375
820259
52818
72274
707652
531351
204822
1393
806524
465655
193262
994561
632785
755602
592986
299568
755809
416814
218769
938573
814575
255706
950677
28551
314903
443539
595488
143490
78209
973519
663331
440666
210920
731198
665471
465935
852783
110633
894557
782284
696368
765066
623650
530105
98217
570096
797578
879590
164796
220091
909512
971228
835415
302130
595068
972142
298496
553335
529160
909030
645615
501207
113587
809824
259459
268050
117000
659417
266200
22850
673780
464838
169863
841242
433125
601698
171179
199674
705400
674554
37394
126852
563577
149912
303115
626744
127202
7152
18284
929352
295082
879840
896286
341962
849200
870465
966592
97496
10427
578260
979918
390418
368256
233744
740098
215322
250085
661148
973664
861257
481240
331031
164550
700226
634633
311232
461327
882732
517028
612927
982259
981366
856075
952763
849705
350974
370605
572375
541079
120569
680779
985694
92690
421883
841494
150316
378290
140541
916044
797933
26683
175336
198778
38116
253019
868991
476350
692039
508564
595977
182670
55289
564320
178016
947597
663079
217632
353476
791994
399553
211041
697571
922302
651717
442171
556715
805307
880209
334813
311701
477534
380244
395534
13741
708250
312261
542585
313479
169599
475352
999983
916734
881904
27142
643864
481509
493043
653408
446390
939039
618907
99568
243787
978924
538746
496237
550901
176007
870980
771838
55978
713644
807170
430781
934903
346799
533712
758358
509514
706025
496382
518060
889548
474112
609668
483005
980543
75630
688190
150515
637198
433732
231870
218226
803603
763456
357332
768281
198308
65654
618410
537962
330227
60047
523483
523696
995160
284963
503951
727952
781824
156073
7365
591373
223513
969526
791420
735967
423711
889213
446453
704
515460
361845
925989
564076
897503
505575
229128
704553
490470
905466
426214
732309
410964
324083
331403
184728
809227
673024
544893
624661
274235
524759
932408
753728
899992
515561
323704
343180
470845
719309
203644
455244
651966
346493
406742
77331
942693
934598
149939
258486
271658
155867
837050
275244
653795
246219
509055
993074
806993
305311
216795
261817
279498
425497
254549
441186
461056
747864
70669
480916
923556
833183
964931
69947
88401
650779
474670
818890
232517
267473
281063
450916
624991
426622
152063
949108
215815
82844
575914
847239
450864
264793
671454
611224
972468
925397
975449
639449
294526
951877
220636
810212
535578
377481
824335
154319
622525
798944
476580
703227
258153
946659
990252
991781
36420
226850
485729
502185
466041
999940
42820
536207
236430
620362
205197
212095
853776
8128
40670
501842
914358
530517
472676
221469
669138
896693
40210
466215
358198
617878
13378
634175
445527
310347
92757
303895
583058
648089
775551
441542
983993
425715
606070
309609
440631
740864
809169
707588
422280
134221
860738
428107
227269
9245
13580
149991
465891
463477
45872
405462
866843
730260
589043
9901
249071
307769
319547
62702
532497
75879
293745
519179
551422
641111
303342
743797
518225
633592
841632
24404
918122
300261
315893
502689
435042
103073
855956
122101
377796
463329
16814
493364
867463
499933
127624
936751
638395
859346
16838
483930
455294
592411
988281
373945
836984
304993
581518
648325
860629
487268
500073
523080
202853
429990
433089
964877
579972
835310
270440
842740
344089
686080
490199
826188
541593
127904
445109
919671
359548
914512
845607
893405
250553
688385
43780
715349
954254
861219
916685
596477
208959
114537
195889
100803
281771
917201
575610
644884
594179
627975
965736
508731
279056
841137
30950
826896
743740
587451
83494
518775
961223
116999
497378
61092
642157
810454
603811
205862
782080
486628
160927
682301
323014
596947
509241
851005
13662
566755
191139
512385
510028
333237
715088
28688
675363
90717
987798
450254
679024
489511
244364
473939
215493
157725
565013
23277
341853
507503
195057
129584
474247
298947
111870
845824
574243
434096
849284
750423
223311
675366
900766
641587
257328
90410
631473
792316
587553
850297
851917
571780
861247
806435
541322
958816
728547
274860
740648
387233
178410
714699
564084
868282
413706
471913
536948
421767
618051
866596
845533
827212
591405
153612
548113
618488
754840
966508
589244
328023
774529
965886
329962
443209
697327
502747
553487
30531
965615
940022
37007
625294
100428
567347
862105
857633
318794
104094
844867
420194
17787
741764
390981
691470
773840
232817
840342
775617
970745
407328
427192
794164
165014
833995
435134
211128
760316
684014
228043
451312
839487
781248
647466
923958
829512
214841
658205
136630
435340
313148
907629
724419
336227
5900
782590
569498
504333
736667
416089
854240
119635
371250
496020
758142
18156
686230
250871
368023
213401
844185
316595
893658
310593
301734
558206
966275
544838
277382
94638
338786
965002
131574
831296
36291
821170
258705
925439
448766
889929
480148
915404
184949
113369
74578
575305
921977
664377
350716
617447
116276
607637
773843
455329
46483
369156
70692
475786
446928
424814
987606
297599
697499
441769
261943
464371
163503
926771
54946
281711
555198
848998
834657
315082
932755
769886
943057
538621
268302
947006
112593
398501
300862
534075
126610
7151
406168
739684
669778
101840
149190
586397
134746
516504
768384
987287
233489
802659
204809
199948
380859
898422
523914
333932
809703
421183
938143
21868
76647
522582
954655
590318
990134
72333
96400
475145
24326
295425
624229
316989
73411
172143
400931
560776
402814
80098
682320
707054
274290
880330
3573
65686
734874
37299
600918
117016
178537
561691
827697
159694
2131
687526
962392
766637
859141
440434
757906
293810
366536
614391
696055
382979
566128
363897
749258
350697
704175
366082
139652
965487
867295
383384
145994
971536
738359
26393
48550
786128
223363
538776
934977
620180
879910
588377
988497
641881
49357
697762
665701
150621
972294
400054
160081
77120
68547
405831
609550
754262
108892
567282
262331
70597
315297
454359
812919
523779
770054
854217
518988
289407
287141
120333
969815
594884
977031
61580
339926
686420
422022
454164
518355
951169
747718
682788
557382
886757
71614
139891
280523
30271
620097
136033
526373
264611
479068
728128
501314
203704
862225
634832
85181
8087
754433
751202
478420
956388
869922
764655
325570
692025
209741
326353
926970
850882
214567
360404
491145
236281
795148
566128
983447
762796
278794
961132
167724
281314
320701
934505
473742
320330
428114
585331
198309
56520
601123
85433
129176
11905
51832
233328
544328
528652
973607
702752
349503
273564
221168
645662
115162
219761
277123
208730
707161
66372
415086
3537
728583
385044
462039
647601
922495
135646
669408
481565
772505
356705
643244
186371
510063
770614
551011
784823
903604
36705
727113
649004
784036
923475
547193
53706
206707
922601
29219
436358
639405
663736
514965
828099
756014
998678
7083
997638
4194
139755
876064
870617
61559
719967
476475
534901
832113
995104
624903
978056
503786
845587
52887
331761
16024
125264
805978
675010
716622
220434
388776
370402
370349
432059
339951
403922
382863
961310
881229
479793
4682
511707
721957
105541
735220
580704
735943
748125
163776
328737
607373
549468
107652
949995
576674
202534
634329
919414
105643
808636
570091
523525
778056
690781
929875
617064
96712
184604
288533
764654
426710
24740
844933
437005
804630
157527
460596
595323
763696
555677
805743
562327
13444
39190
226525
791395
772872
952942
209554
225721
853584
560147
189617
673560
593297
396307
328510
557485
873789
807661
585453
707086
435622
336641
50436
903551
951164
586344
81276
806029
531908
498631
565517
375513
489853
282403
662850
833597
783381
136635
102847
296448
636193
958947
943509
679128
595575
349571
750699
161658
42455
688763
495082
25173
542925
1352
550321
354429
268580
690044
718654
608850
750246
554768
121234
896929
312027
568770
707403
549842
146777
890546
784390
463031
839274
764480
885802
465843
520124
198385
840114
444426
699133
806715
618103
261940
271800
759993
837988
124282
240519
939018
467640
850614
375532
407918
82408
367261
857271
323442
246674
507251
523703
212368
739113
490344
916713
5145
511797
756370
463452
25124
600323
229325
759096
772166
546147
463670
937249
33165
177952
354852
617538
115909
276935
44345
508164
484368
404819
6691
526199
535319
550319
736713
994760
107980
214114
480851
451848
674110
481771
628530
879922
194891
412051
788416
55567
712488
795941
346341
801548
595430
195464
801169
53127
661818
456427
940788
729084
292059
806697
102146
376832
369353
672359
999426
853210
915922
892610
173710
867969
172878
720793
497275
372564
346932
51260
459209
868933
212429
491370
320475
401269
167291
788008
961683
186190
629482
966749
952927
209477
719386
532407
158025
242571
647423
819166
911114
500548
989891
689980
416802
230805
696925
854359
101965
79905
173781
372507
811711
663624
101035
27104
354026
286200
790056
641244
115344
245303
193939
884302
641348
209272
853053
221008
524363
502991
392089
590264
684055
865280
542529
21079
479154
56773
629591
596212
393716
742879
262683
867668
463699
180281
5798
226794
159499
902205
836064
12844
45141
154491
133351
924588
352068
555997
430316
930049
2327
627818
231556
245234
825388
815064
268184
832510
991658
606661
320041
824410
446046
191658
231194
167416
371719
374226
330760
198011
928994
200196
779495
445501
883802
48865
423970
734172
186355
945331
915518
247657
733330
143159
859102
57243
954593
106709
355212
594827
542322
675941
818297
75932
839911
437005
469085
234003
440084
299572
691525
256696
72152
606648
463471
210095
651097
372879
848356
280964
903332
695270
437221
347624
91785
892186
816393
539984
700932
221267
210317
697787
691463
822051
84329
282949
280409
110898
801633
314424
935134
761365
807403
676587
509849
930345
895686
796727
996763
684133
222548
309315
214920
880381
862600
18590
391853
405768
325883
127927
89649
695760
553961
494183
481030
879525
674070
74234
652735
209594
128824
405872
870029
864592
324233
674245
303210
704558
247371
117116
80034
793056
614671
74901
982674
743541
853653
487249
33778
341941
114997
151313
53956
1167
272280
262902
571888
181098
368495
31628
413690
222435
698118
879782
98745
662292
8859
996658
992841
590841
913029
712066
400631
267788
998009
853735
687746
623337
187962
626015
300464
107860
253323
489917
258069
661664
666947
137801
882025
143925
424686
726387
58444
174137
63839
269077
167329
821200
380435
920074
33962
78731
172828
875238
370738
590516
416780
497288
756976
210192
319796
254758
975151
124323
384251
158208
872492
646494
817809
861412
79743
210028
405445
679746
177755
973099
157851
484602
307207
198953
787531
146309
127756
825739
381890
761608
582321
668465
175929
764741
643702
453856
843558
167757
952264
223829
662822
795193
676990
87568
652977
661756
403795
755645
269762
362427
78318
771963
647020
702796
304344
857900
153914
256610
709833
49926
398008
209394
542121
677074
813757
266533
615577
808891
455590
362217
967590
835879
347464
641577
327277
532407
368881
568201
422300
299930
769148
240468
537887
419575
284432
381441
752337
915928
347625
387777
243466
865331
68747
896715
123928
525420
133295
108590
704556
146995
331862
596510
10124
889408
690800
529645
982223
191209
552394
107494
681133
132423
178873
572109
126238
409285
167482
644756
647534
46346
370517
975524
26412
299204
351687
230075
694856
277740
32819
10762
764358
829676
755585
546202
176244
87569
344355
268471
408764
226026
203932
70065
328545
798198
709482
394171
291188
642604
691489
459954
383344
222384
624568
579954
678550
256178
98951
102078
104410
808240
940876
230465
622609
137845
340998
240632
334214
651648
640429
854404
138834
560706
67291
685427
683623
136577
341266
510817
799133
841162
143337
89014
245953
788382
648952
177588
346984
63568
497035
538369
673964
915605
670290
341454
310503
99082
257903
876476
898446
301099
849112
963244
57654
375598
307535
848125
621541
965265
582783
843604
417459
294837
658198
159217
777836
750834
162244
451076
464072
699271
150632
983631
376063
369106
912976
885566
688171
893911
848538
519311
863089
345455
176217
733491
866145
592328
565387
300381
451502
878054
18344
296262
352802
921591
192516
391591
242557
191984
311102
817301
129902
209779
803870
198399
171495
141900
50024
383941
337152
183547
255556
645844
687798
179142
500375
260036
264028
709848
287753
385251
822831
109481
300677
433783
469180
452267
98643
336865
138929
928427
637481
276399
922532
31972
608414
51146
824754
506052
377880
748539
75234
844246
897061
890342
992776
529632
719063
5701
371225
943491
647318
769278
494865
844512
833444
870514
37167
881045
506426
953951
793033
287646
321862
543023
736302
207116
960796
941436
268387
835336
733861
700058
364146
200210
487144
274520
746441
975595
611440
102813
739171
259670
822893
741784
62728
91766
683255
548027
773979
952309
530804
646655
608344
365641
887598
352740
14964
357543
950944
663657
548893
998350
522856
447380
775233
940452
690837
246600
221955
98196
848990
508835
578344
341814
410520
745847
885985
796175
848268
375369
484830
194084
384973
531122
667913
821293
914578
573727
831648
785484
959243
224099
24382
259158
123374
572445
950890
847393
340970
583124
45275
78734
787838
50353
93457
86748
772552
440234
40400
952047
311440
540911
749331
283610
1095
297291
319627
211957
818119
761582
61720
524910
953055
703130
653282
280505
893210
619183
906765
26918
185666
838103
674891
655974
586950
484649
583514
856542
467143
64147
46467
588534
101432
421008
529691
246895
805127
984389
597252
774421
562582
683375
619494
816345
774405
572869
10637
130207
954017
754933
636115
778583
399985
785674
151155
330096
898647
878503
633278
342935
414112
304674
42870
377401
362566
638380
524779
47437
33417
47537
554698
250877
191985
750682
78187
176658
32652
74343
741043
754472
594987
934787
739083
211598
800539
459270
360223
934124
91500
279525
663915
199612
582812
549951
410358
45346
860303
279759
949622
253294
231300
329618
655899
819651
778686
925246
654352
215255
708731
604
44718
495418
301737
113357
516509
267291
37997
598775
551155
373775
457596
99512
105981
529063
750984
854100
567753
118416
811955
508469
284648
38246
539344
707983
822905
885706
729790
449928
13575
824704
797279
181329
207867
922994
336937
167471
68875
236874
600657
31835
267660
702681
80698
181798
676541
781851
905468
214032
213301
28148
982365
674508
521880
660126
663024
853781
581891
457079
344537
506389
774316
136421
51559
300686
683557
250381
62312
420550
431151
625613
145911
141839
731272
555570
587645
458347
630328
773762
242836
15085
709770
113604
508329
420607
47604
41617
902944
372141
22475
971674
930482
897362
46099
308581
390659
901268
168717
878144
374780
684842
638688
750953
695450
945787
586748
761808
434917
189793
942016
838620
867210
974458
61751
413358
893203
643829
826360
145082
328367
964951
308612
7056
702663
963830
492394
717664
43684
896751
619599
789394
450889
912664
902370
551839
458086
924177
391019
151067
49246
951184
556297
174866
813363
262638
106219
697342
448450
976264
590585
266113
2884
924583
717173
590586
347982
173148
211022
637327
805691
1662
796038
973031
398822
935266
186242
782519
514927
952620
508595
610611
372540
798335
994320
77737
743784
855096
111303
712158
380063
631880
467692
502645
7887
165903
773884
576241
503633
623820
405450
816453
223268
601452
466011
799405
542366
885465
513712
657245
23739
977336
509785
464255
220121
946031
343160
342214
753991
874508
501462
337461
983788
992864
828079
89996
519980
140663
143957
684547
851815
976806
880463
250181
6643
574840
855439
726050
506940
648881
442442
771201
435727
149519
687038
102231
693747
395431
971382
963269
982225
219096
543015
774386
345750
468680
687162
453203
983613
598706
469531
895151
897568
548435
260991
115845
507529
285526
844336
617459
229528
390646
557325
632761
697902
176233
367427
615324
342539
37968
942064
723088
865010
596282
807886
530468
509181
734933
612609
153499
456933
138906
47454
302977
820979
153936
991462
274856
983788
904531
937435
348281
433431
359723
552353
51379
59450
270084
400256
934144
707476
130291
603195
217134
59730
153141
902902
749671
678761
231016
428769
596728
826695
787524
285183
562142
28181
772807
115103
436291
81005
927062
151682
825580
253690
727748
513665
654634
934969
600539
827251
981372
489337
439128
653605
199306
886654
22140
298774
732582
224317
911585
65291
242527
632844
707973
621040
905734
546648
646993
120644
580717
715355
549418
707532
157241
78768
894900
931577
64724
930575
462994
987170
311903
369363
377849
999684
678917
720521
889456
135872
121211
605173
426384
260833
83828
851725
275684
903323
181418
970199
584766
764988
166310
716499
872711
604036
793468
828498
341418
310151
667037
366594
460730
955167
747215
926676
912967
444933
404446
524715
934943
768866
144851
691842
992430
882360
432888
493603
295509
149415
936960
220401
553232
749213
957435
785710
780354
572344
811156
388910
302613
585893
682693
671249
890307
124520
143010
150096
907943
355688
407109
524311
16840
636821
636298
548677
59557
62988
994413
15087
541345
959036
87535
63400
364607
214634
868107
556456
867488
149789
34824
445996
330493
836778
294313
236359
495152
352401
220005
498348
54794
993586
915813
188970
642389
706447
144388
984533
523445
380127
528093
882814
477678
81891
396181
363153
306800
502754
814945
972910
383595
107817
370507
733827
773843
682503
584795
431621
988816
474930
235403
963099
546347
25926
964432
202069
103644
185859
494555
873700
289022
187802
600291
273264
573896
362390
760196
681958
490238
846843
596521
867569
678619
389150
547363
979253
342531
230596
23574
387541
561329
700037
335300
904591
519183
549198
758846
918496
158684
584089
92736
833475
676556
303690
290936
587608
959450
512705
368201
121493
712643
115374
708797
277749
762638
328236
846917
433287
117498
85158
391294
249201
626673
865439
229826
595373
922683
137940
779183
228407
356129
110743
906995
912416
970058
263000
123703
127018
284831
661701
36109
187863
280545
220250
722627
295150
943186
997326
81810
193103
616664
479328
807470
24099
473793
208242
407919
249909
76824
468616
603375
875337
625366
777275
485386
783517
310472
655160
122732
298865
460133
993005
978808
699479
661213
362728
755138
726752
642535
807722
63314
174269
921304
486637
504916
60054
197718
273879
904709
536225
663841
334266
680637
596258
372946
97219
127936
710014
907997
181167
411436
513289
522005
912944
323584
564088
186615
105014
179818
718392
453971
960108
189384
898327
727287
428801
511544
831224
797487
867850
954082
284679
691552
205836
663292
686133
947042
181179
28893
484046
667763
198269
505748
726890
311210
22077
841826
828577
177171
813003
478794
369380
275053
971851
401566
167454
154649
192598
488289
169983
398697
843158
177246
479496
941738
761746
674727
309754
40700
71637
718924
678799
808347
241505
871239
843908
285203
936230
311406
698265
81989
475084
616021
781516
920224
102960
471527
243096
486934
598003
549326
417378
898123
634343
999596
502709
386203
746858
480088
847843
217171
76705
423199
256884
674104
395421
62700
484731
832935
744391
113908
741518
928337
787733
710462
617523
247230
873976
807445
362288
166914
520610
652626
399252
233283
752308
925204
172695
856254
147221
289157
518223
467593
287434
86850
25998
684692
560201
71169
934893
392445
394937
855953
863606
806111
643312
450154
33738
580018
664591
288618
582696
245962
131989
110247
377832
762695
583983
609904
57330
252456
791352
481381
595428
445719
790195
687340
132932
74683
627720
44066
257663
202151
207982
651416
905903
277883
937438
321190
85880
88074
456911
537881
884050
473174
203546
699987
812341
678638
795038
469025
487771
126421
274707
997891
409429
307145
491816
716974
245838
83604
290580
294308
483298
422306
197672
71196
254829
613069
242507
720567
259662
799860
392752
123687
999131
648721
493795
333430
459472
10987
983445
658540
575505
812486
529879
648783
743676
548733
922080
65448
701058
699875
665936
820928
888938
231342
79351
505934
249248
762927
162613
849833
435040
759842
560874
972949
442767
798863
279168
528834
420842
885938
833119
787858
329673
11467
872102
218925
729380
605754
721345
308495
305047
843891
179324
126768
52025
668867
177813
167025
965386
245236
321251
254925
874961
348423
80248
563705
720667
926858
411583
436256
351976
718344
993242
311994
948194
268160
371470
946299
824990
814130
189045
402829
849484
456970
266246
499391
84060
207099
630625
76241
163557
180417
189585
815299
389150
369429
647976
898484
445818
206154
946790
361598
373280
516186
908366
232699
366037
404999
474110
194128
854909
170129
139169
18791
286012
191763
52200
726807
620156
65151
523325
135058
993016
651685
423697
727279
282047
363561
62748
693343
901856
765329
974706
503057
965938
483871
189406
277833
686768
980171
448064
231457
718813
383600
971567
879892
181054
817875
578890
26073
505800
478506
473923
885224
545898
112399
343576
82582
493785
450917
526718
621716
208447
104791
413556
579992
669800
923846
969771
167838
303623
424080
315705
866576
84703
979468
39580
290209
293848
325255
890993
186634
588217
537367
577062
540325
22658
889262
981670
124031
279046
836257
823929
948266
278690
632653
247503
536881
19277
590856
748544
740245
651513
766703
603679
859588
529217
38806
756182
849111
923913
752554
243509
478160
854524
576396
861383
736461
643708
209835
800370
696012
870130
269477
240219
392027
779848
227212
445745
44230
229372
3942
506036
904549
45483
369660
474976
70562
875684
734029
377780
283918
5911
208806
483265
429509
860820
966900
520451
947189
261146
400877
302203
499059
912945
438306
847170
822713
241317
209044
957308
15412
303103
228748
353778
96736
696226
380646
415996
47943
135053
454904
95404
832088
417035
749088
919869
964125
346999
194472
810208
906119
609128
165164
99176
869469
829195
375980
48751
384775
559404
489178
262154
951543
950233
407285
838680
403920
865774
513783
669581
131029
729280
743578
775307
564733
274917
820208
767985
409900
826570
968588
782184
111197
284029
587850
485900
852734
421973
85020
210483
381094
362672
180496
838664
398850
440278
101309
251210
450036
976914
809642
948087
941830
941058
977303
154546
481897
86223
294082
944397
113015
284057
331570
27068
635560
581144
620208
323860
355094
863859
169495
894667
526877
267547
521239
268248
436283
448793
934873
341926
597018
479660
426553
579741
996270
259078
566484
470657
384246
90031
677641
178031
512937
702940
923776
97210
192139
150856
16617
928986
272893
697667
704811
638262
962847
623309
879166
784725
636049
646423
502623
932180
374555
437231
902927
935719
685128
804029
229546
455198
663392
845798
195710
922536
35229
286746
477086
148335
489909
246077
237282
882702
722377
73369
778055
724978
213889
407116
144516
309839
102365
815840
634190
435330
702830
540234
646732
66625
985887
553663
819399
864150
933129
908105
600402
293524
174525
469696
222635
917441
861859
820338
549313
694443
900906
86796
422460
901252
861147
305499
532735
152813
499344
449109
208388
294707
163259
772177
600013
384886
471708
756631
15991
655016
820766
821537
40700
356279
128858
472065
794048
239033
354260
71683
969108
697560
115028
774341
572842
649639
760402
65117
376492
532553
570380
342278
754247
705230
692041
583071
630061
653654
693508
740354
75022
27570
119553
894100
834715
83160
590233
536398
356169
118658
531678
891392
281311
753897
20751
627841
630848
439970
829212
621605
283208
726990
523107
429048
145195
892
621502
377044
911255
609627
362471
526497
267773
685892
515463
641325
152340
942674
515957
299516
694384
669775
378785
789893
143639
775064
956619
999455
182248
789139
794585
171417
723953
403490
417100
552786
811636
771994
612848
399703
343595
358395
652156
434573
493707
579339
674909
36906
143707
797436
292217
132815
382717
201603
83328
690562
790605
366471
384789
558649
972276
523117
998530
263328
822995
292398
148498
539380
825788
414157
355579
705776
29037
171211
731742
172821
582430
461606
258660
898561
351779
889900
188298
270192
686976
393238
954446
240280
765635
513573
669145
27997
400706
653692
363716
399570
859319
937572
927905
964745
425471
252681
74390
546180
967386
741995
150222
595352
796487
677616
62075
172213
328207
795082
878898
192254
692583
996985
971609
374503
960293
483437
143156
609049
414734
289741
504701
9680
911852
339137
442661
932302
506413
982917
599
146222
737079
762592
408187
88351
535727
579256
112725
815472
576389
345101
625435
849780
496500
751774
373187
179656
655839
623241
109929
435076
799959
826791
870219
665779
421901
355456
67527
651019
966190
919971
950733
541034
210251
816968
329877
428421
962041
808320
191827
484719
495539
173093
403393
29724
480037
110984
981668
872906
411575
829926
206416
702659
382123
821191
833821
748996
396870
363173
566613
774906
98614
640845
505959
977429
303441
408183
529570
877366
738941
709516
920079
142336
164852
87174
555542
333947
888100
219507
633965
672131
816340
726038
226167
206239
501149
413211
463242
691086
251284
892051
8567
565922
394298
519468
990262
113145
775909
754497
346582
335249
96802
913821
830260
947957
950201
803527
911910
361777
577171
991027
183251
199871
578780
837485
943637
124761
350683
932893
988117
75624
611480
764089
150042
605087
539123
108025
936966
291326
992760
951592
107290
25690
51008
887255
200933
644286
234713
147621
589474
38643
68445
553696
116492
638637
552030
963908
161588
953478
741076
657408
225677
312884
153416
518157
303398
691440
152638
676377
641084
152519
847697
353805
665054
134530
769232
592709
742303
114940
453607
270215
690904
818609
480792
563856
148185
883617
606247
757803
692628
369497
763740
963916
163123
823812
134273
203839
300958
958518
184452
103137
680372
284186
173813
934884
145516
136977
515060
31081
74198
369046
430596
729726
258394
891260
44659
998027
439238
271447
797956
210290
165654
885150
467225
219393
466109
469320
908445
82237
461795
419686
52289
232779
273737
666213
898977
71903
606727
207528
143227
412905
906674
885767
64669
117211
788226
335678
908886
27005
389180
588
766291
32949
324636
938326
626921
744306
713086
45021
182378
471036
821576
135507
375062
81456
237624
777882
393200
65202
393957
879660
297967
923665
201979
271615
816528
109973
189584
409615
635263
900796
808240
962566
48049
453696
993719
81857
161927
519503
455006
277178
64200
676251
448730
685713
18891
58898
228384
52615
106149
142519
467416
212511
314653
911015
562330
55045
980883
166183
133514
652597
159507
540108
77514
165316
31409
626116
346309
104547
776539
591174
283372
832081
128771
674876
639741
193035
213081
85055
527828
55410
908291
159268
122222
370165
551950
790429
233853
846224
660885
293057
890498
98790
336468
75328
236017
588506
283306
823569
993320
384304
146345
686532
959939
430848
101478
742626
478313
258970
895519
300430
901269
727378
105274
325743
463375
171440
64620
873453
632413
271732
985331
937432
107391
401394
424282
428062
501634
208665
928614
843149
21816
342686
567859
49965
886601
172225
715540
170986
801997
571303
932752
233466
91477
164446
82524
653823
249707
31267
122515
868954
861245
744174
93186
588936
210492
89374
429469
777892
524696
209008
603712
713417
753215
364180
73427
140969
876301
601283
891720
477205
714317
346012
319724
939749
538169
924739
508234
794898
651436
741749
674605
445206
85211
641190
342354
273883
207851
823735
755030
458737
103594
78366
509458
910034
582605
415215
195724
249659
455815
948276
206814
789314
890342
787603
759661
617160
511621
684920
514466
424824
743124
57697
643351
523792
134441
593861
556031
120823
96565
819120
305309
918997
144857
679543
478569
45858
130508
781918
147339
462830
230543
94225
69979
147047
442889
904776
64006
310569
797798
785605
234467
503079
748880
583377
74092
444869
841401
958167
178620
62943
503158
553256
620721
673931
807268
215333
909406
125095
593202
844996
196155
769511
615424
673702
763244
52523
667209
69192
614951
948961
333970
812319
474336
880166
393352
260850
946301
772676
758391
337456
428203
296815
141149
172064
382627
225151
840525
93226
751970
814733
16456
840599
61375
810333
343670
328854
750757
29069
5099
4185
113630
882504
526587
843212
893574
54289
661368
976793
809595
283719
764935
830354
222852
466930
557273
15187
934952
493790
275407
626817
78892
566711
987481
883440
201456
901509
154339
140964
801578
170712
714228
726022
524178
314316
674162
821912
425829
41214
810231
406642
783728
824382
55724
456898
970957
76274
374528
220731
216957
944485
502926
830411
376361
223619
625760
236951
856540
397022
475273
460419
200267
177624
928780
854361
192557
41711
770983
722557
383104
40777
74596
6057
407457
859547
765457
880778
371291
870430
633559
285400
128607
985625
339100
401348
529369
828575
393043
865815
497968
22543
847939
578339
84742
593589
94883
573378
733320
700477
730736
154047
759491
22086
761839
531046
50486
286887
209819
621866
452183
617570
42432
628031
651894
142985
635049
438813
604791
871789
199892
865264
998568
748327
634533
114137
273166
740443
828049
37933
489234
853130
447569
949090
652091
952822
621672
216705
310421
801128
244266
880525
560035
394297
690577
681270
58729
918683
294485
65090
562598
285477
793288
259861
578941
367222
41882
587754
804949
664967
90833
688489
757842
657791
317202
246577
405357
434092
957659
197850
649653
172550
530203
813632
89307
155803
335093
49712
366313
554037
941394
643699
697508
466634
798048
527049
82328
888746
263907
645511
219673
218288
926443
535578
903866
871279
25975
152547
588678
579874
370794
360145
38822
993580
557804
34974
974380
658282
122218
6132
168635
772219
212104
492016
524433
561036
32030
252796
423087
668735
82951
661482
176454
358602
558568
300398
649137
641127
770969
286727
426523
395639
430853
820479
909892
907760
590404
380109
904709
127489
292543
428862
230052
101918
27151
657861
319288
644152
89323
813602
252652
576418
563645
261041
241602
869897
37638
41848
925864
728615
469871
300148
797767
899204
409783
390247
730844
34630
920580
40035
203959
940133
112037
900678
153560
659811
338300
264228
266839
770748
144429
596958
160866
98099
612998
295958
227273
683220
376620
467873
784989
503751
135081
820378
118278
452027
48619
497395
215748
777174
824937
235538
974908
912593
133257
208429
794163
172318
102378
41348
729669
295429
301017
608518
181153
466103
276573
406430
295756
638629
21236
50878
656252
94117
814280
583762
932301
340461
785166
581366
24458
755972
420564
374756
205907
133892
408938
790362
854406
83936
54957
869845
312543
114012
921082
263281
422713
519302
999091
709724
429646
169040
359819
625271
308870
47524
164019
525557
523975
61538
255263
632807
579584
821663
559636
865596
723437
607408
439161
243019
578315
218368
986707
760304
638324
436117
54818
716496
619033
638255
261174
103620
495383
713100
519548
526508
475407
766557
4885
151421
616574
609738
116546
469856
846913
749767
865325
293640
151737
682168
870141
433802
945699
781991
974951
750877
774957
82195
894072
284136
721004
630740
203210
468935
378646
79621
482510
288043
865720
714988
984881
478281
590949
384474
988810
232270
566746
246906
616596
967906
979681
437606
997883
59689
267092
430410
303777
394716
302132
652194
336673
633136
402348
17006
507288
529395
488119
841503
554725
971713
695271
586748
39879
361159
804352
876562
899618
838080
565136
533349
527755
447588
236199
598490
35133
270520
194434
161604
147756
188059
725653
541312
551108
894947
34135
37447
273444
211694
943035
824560
397120
736559
252906
321706
884639
734878
819699
738407
844815
534350
863302
544531
325995
635191
750899
486056
637725
974825
827546
792113
46320
928750
582121
405915
213993
396096
397052
45028
416129
718745
57869
187422
644228
623015
705694
608276
817255
980517
448553
687141
993009
732784
430947
79038
184834
711114
178629
897962
699627
969514
754795
442860
904112
347096
689692
602416
218109
78072
404074
400992
713797
834243
193442
238855
158803
710077
265370
560800
877362
889336
761527
226579
917715
261264
402939
327519
70832
709165
419643
355347
510558
701410
527810
211685
993261
989131
661702
850339
567240
161289
209308
74252
761948
802822
301134
346395
637879
563802
883577
389553
16927
327375
868912
122576
926020
16302
909817
755820
33618
824763
392018
441252
747867
864654
74499
551432
144138
109843
741840
947804
421100
42493
687808
559931
407375
672219
988525
818552
429701
735780
513964
502926
541533
962814
794613
446126
99598
770261
386034
84765
472486
446434
670471
866555
954036
243036
99202
116448
921444
192651
239408
229384
262147
280838
943189
636004
696623
430463
601657
170189
936325
105972
377973
434465
214529
689620
726387
438829
136361
641553
950795
68338
719744
89289
43446
104113
374418
147319
723200
469845
320792
987967
937350
236684
566578
653219
712235
252384
983808
841913
60565
168148
971805
459153
342350
246411
218497
406155
582539
960281
709446
559740
868041
846972
606510
294568
494926
688421
997360
286510
464144
36892
359032
559107
669364
13516
758900
105100
642303
182572
544133
675932
594857
757574
294103
162193
877604
139991
293724
170520
173140
355427
880059
346427
706405
642779
873036
298366
325180
231040
240664
931867
81962
471689
973652
296672
943026
111810
221337
428282
887558
380402
239543
814593
228297
228504
512600
870735
836447
117449
875086
837776
199146
308247
971977
477559
900320
357773
257822
968968
837758
422065
435213
813340
938300
897589
721709
542737
105232
673724
787804
672634
312798
745514
355461
816632
711657
60100
237777
274289
426832
488402
708963
208107
144140
866731
146880
644968
604234
331540
873227
496005
171470
336066
463160
297952
460929
253167
288637
613423
698001
312505
475514
597439
678999
586712
158901
452284
29040
378402
832283
721113
676922
840538
724441
808543
790129
313013
354702
283966
390288
225448
296066
867161
96494
381452
151652
431584
429426
312997
305310
203161
101929
887419
136498
442726
589631
329073
326981
154790
30927
445423
172897
589086
339861
165447
897378
511496
837314
641770
510335
796051
544778
309950
219509
33082
839659
821003
379259
157349
519900
668463
505251
392094
4620
626202
209005
291249
150789
789292
990992
548374
956421
40649
680485
186095
167437
469737
626550
587069
45952
50660
793379
814816
743796
472956
540012
409779
566897
776936
280835
515170
367862
608793
699497
799249
490770
908500
829159
730700
596112
256777
631911
711688
946327
307579
823595
525350
786704
445016
818754
627277
840404
251574
667688
926540
261092
553999
561351
716411
227639
346462
566405
257858
606633
228784
915324
249177
179416
53404
799051
929346
879765
302467
992077
112005
556883
794174
626497
961611
160901
445598
921433
106355
309142
983142
264682
725786
794990
306085
322306
89297
884929
83523
324485
33019
83169
900816
741720
524755
973447
914718
204831
926450
739237
58225
66374
233785
235262
263391
688481
550965
685014
442800
102709
836155
286
848305
678448
41327
86615
677546
759394
131788
902443
457481
738186
505240
257983
231709
153769
185188
720421
20166
792690
240108
151633
470496
423844
214723
311405
939821
383323
138319
548090
302309
72433
935649
400467
424750
240266
143066
520200
369569
484965
258832
629105
545751
516332
486088
44313
72421
718224
802097
604124
334035
373790
443831
675739
250608
434853
975942
972536
566864
763891
984082
375091
959628
713559
230536
277426
149055
899494
996337
59491
65050
321020
647063
492132
848281
556609
773080
928871
676702
493233
371535
90853
741495
440000
200817
966678
357467
926980
544626
457155
993995
110818
225546
248287
880198
380148
159170
820573
271816
425302
469793
699930
170576
519593
987696
55840
210351
495771
716984
949160
78351
834573
175875
21209
638826
886543
736796
61249
389831
889002
229583
500658
674783
929961
602242
292229
693948
656765
15413
925634
830454
864729
679100
930823
788342
547894
459977
741625
729297
666059
338663
855559
984189
920301
859064
179865
216822
807425
256788
196850
107394
116040
220555
519228
168418
184301
80581
971454
957006
48395
950022
494079
999016
210170
992011
235948
862787
196090
919667
721608
34485
239643
485247
468056
382612
422839
696961
206397
571586
648153
559247
6195
316702
891750
185488
887157
752727
200296
415479
25345
816804
327706
384693
793075
112239
550023
491022
586539
463352
74689
296990
517431
383236
472247
857749
248660
215846
426156
11387
715334
84254
168925
868815
547728
391129
565423
874064
961980
142334
452965
913027
557906
846329
21130
650445
670559
535785
117476
415201
482244
292650
440682
160771
697923
84141
742804
737393
894431
641870
356198
711136
375893
886347
818455
791877
624534
383388
190880
305944
901303
856765
716319
917744
172663
578900
446991
987169
855240
193641
117055
617733
835247
481892
289502
3144
355468
504577
917793
219025
967759
119817
740873
338132
216440
977107
559553
630526
652564
138240
800639
389886
265083
743301
242622
777007
405080
993605
604375
381100
305500
792535
622932
802381
704855
539537
522197
763025
421600
914421
925472
665752
924556
455236
447893
995683
661117
328544
196039
220998
524311
941434
640759
710630
233949
159242
293338
689890
844594
130429
378741
648789
560803
161298
994824
677602
71371
597254
491771
977422
946048
846043
490926
103183
362195
547647
250612
221957
25193
4289
827771
61338
258077
790126
574749
23051
144012
999086
168713
617930
675734
258029
835094
742387
948978
427181
532095
52063
918064
725667
912370
256410
8908
628049
907238
916750
188702
532620
265118
418925
479415
105162
760391
728779
580651
330218
486234
446859
178264
41587
565831
851727
274610
725533
871046
371670
985146
702736
523682
813053
78792
58925
333747
125205
156795
968400
484992
729861
292919
922185
560655
125924
920461
219393
254506
657694
339269
159344
979538
443751
669012
519647
547457
372772
99399
860351
886053
205248
355125
688831
363374
379199
646753
431925
391524
415314
21471
737316
988230
84916
425512
471741
331349
696910
333771
534908
893992
224705
102350
254382
824142
48005
532476
312370
800682
811205
895570
480601
634615
17359
113600
57796
646659
206121
961190
246831
364088
887139
918390
175084
341850
161246
766930
154820
650916
595784
554865
105675
243811
963091
49464
972450
753970
628596
197242
664594
67803
695628
516563
695428
567130
954244
776815
650859
661928
972356
212038
888696
398387
407924
999261
37453
189382
403873
999847
750321
183461
34630
817169
291253
107537
354028
957293
340391
989397
118315
749495
75135
903033
498875
159876
393525
861764
332949
53194
347264
526531
123873
842624
134024
959777
886239
442730
438779
275265
77153
231735
345023
23563
317954
108314
146099
853599
286552
646224
437210
893433
16372
383961
238183
103297
11901
43718
427607
96374
30086
295786
337876
332068
447973
300285
633680
786709
750729
825636
975038
581787
493449
640880
836787
994521
335122
394147
842729
676181
424091
248800
373774
999637
818320
976600
244216
217992
254495
789756
468483
347103
596027
633196
147661
745051
249123
553767
682277
357771
851510
160556
167943
481629
398751
378186
14929
332134
626374
830953
549897
152210
561546
527893
998114
323321
567640
848897
804081
230143
368647
115066
328808
883028
876377
501180
353548
674081
918408
411317
78401
96480
756795
579796
753191
258345
172616
584735
555069
454547
869433
719900
198328
875381
618364
35687
157854
762115
696318
996068
978887
926079
615873
180936
225559
438888
809658
871838
357003
471459
844053
918716
679573
191258
298917
480065
188500
586041
520765
351044
256978
717564
143932
173368
908748
700165
532954
781969
833527
679517
349829
549817
567776
194682
838310
723800
257757
441806
581002
916135
691101
75487
58548
692587
983854
445737
706909
471355
3202
677563
620403
90362
335182
780224
349448
171385
628045
117350
521589
374243
792639
598743
432123
915841
752929
897747
865439
109335
54722
314143
775595
457899
913023
436196
891913
129204
951772
590001
488106
533128
522275
426260
942604
697231
186241
308019
513522
79284
439798
571690
803974
291820
609031
90844
714019
322234
375428
119920
296211
930998
656807
784422
923528
111590
905002
905144
181443
494270
750290
361498
99447
682297
109081
611129
158886
90244
677987
122374
98892
948962
893859
239335
325813
801815
480120
105929
409639
327555
639810
407059
274694
397750
323450
248523
179816
770831
390248
756453
48086
976705
978030
519364
668431
307179
709660
24480
164098
877177
217040
839036
105180
605425
625213
116997
635822
689158
430171
848258
882965
687998
758550
784445
185030
717517
56858
772432
170652
955072
155764
364223
608101
345565
370364
193728
427804
24549
182285
128800
993959
794844
706660
62830
572174
424867
357708
195182
43673
472696
363616
939031
325182
323051
93415
178771
263954
977648
863270
340578
229745
175316
582586
802915
426972
733930
638021
139396
68017
143393
891887
361168
890926
438534
863277
592051
18794
940097
790421
438204
525604
42102
820507
538703
404630
862946
415150
247843
909531
359537
401271
5211
665884
627077
10931
107943
762521
146319
299686
60345
657583
8343
753898
163022
634649
978608
670889
445135
880636
59007
465563
351113
346001
188820
827852
751801
629752
23157
895670
641533
41915
939496
454651
65355
880476
412524
568673
205382
625096
893788
204377
836305
264499
972363
139832
574988
986525
502184
79090
150452
318958
598059
490003
761784
89835
315484
368223
712165
599573
180980
294487
183391
99573
139767
17359
355137
392198
313556
334446
645015
573180
861662
590558
229740
782639
910206
501079
503155
436496
9089
292955
605352
37750
386363
827430
913781
945812
748641
743733
186089
902841
315118
944887
821854
994192
739477
702965
338103
27784
318487
161769
954236
579352
681391
48889
806986
44651
927344
574995
438131
615056
35266
489387
973467
778513
261023
200454
991655
733830
778893
43159
535969
800657
225170
892416
752487
393915
463987
943449
909013
391266
549300
95555
892000
123996
867138
887557
522988
733979
978917
255738
228122
722448
631107
140810
723281
260032
205729
406964
553483
836802
931806
848802
343277
504529
334778
270932
130564
517044
577052
696420
588080
165677
172541
625007
430996
971021
714491
709139
709606
576389
783906
264260
372778
796124
545591
346470
796225
990026
164966
643563
972554
995511
274525
264737
365951
228333
466307
706134
358337
854344
540040
810396
29244
216531
147130
510465
903500
307594
555333
260606
99672
156114
250801
209929
814410
193314
111792
960639
618554
839304
398126
596720
99390
862198
924276
836611
313841
769417
587730
302968
931165
191223
253079
881163
401529
991852
678487
2537
907940
96521
912009
181734
230910
932984
651131
227408
508100
186769
434299
725621
527417
173129
547434
116210
415263
374932
54331
979857
916347
231520
461222
375608
428795
596937
210967
895945
89650
328374
288677
897680
805561
488160
425232
26062
464403
466455
136229
981050
194784
259353
385498
791061
542186
968405
373747
748662
293540
486883
537960
168477
128298
582791
733215
216878
330130
130333
218928
202518
261534
236862
762858
34051
160236
820581
596414
996296
227790
978541
676677
754569
281727
296526
10337
743026
490187
527680
623837
320480
61502
918082
962549
318739
228396
965328
636929
832214
985612
954125
660207
910446
271061
371374
856833
880281
197655
319042
975824
418686
817829
733571
792671
57857
700642
311760
573455
836670
87063
214755
744437
443348
386901
344560
706516
600178
280909
107843
336203
645471
436043
12821
174686
703372
376600
571410
27897
650676
229791
475318
584675
697966
301965
763042
511787
733396
75153
992271
578410
881681
35144
824786
368276
591252
566182
280018
453285
363234
568588
610117
752617
852742
936235
204252
300347
649149
291430
708834
822993
458580
310517
757247
318861
830700
888658
254943
663951
781161
849326
331876
39845
833230
857123
420067
878729
931094
894948
525033
542050
306880
727554
747998
843790
74007
317425
584885
835697
2675
628771
380945
881579
734326
130934
229976
823970
599423
67986
928779
898286
148297
683628
641515
290007
608316
658876
408951
43784
717631
463448
140732
482121
449137
612594
873946
428556
324081
211433
592989
215736
298408
501135
891785
754211
539093
974183
344798
968638
442524
762816
639618
205043
464956
739069
533085
402298
296875
891730
537429
787534
110908
356326
772648
705965
66995
416086
355769
156072
488929
687062
184217
145771
486186
552777
586702
903656
605817
662004
322913
662991
23941
704835
692087
489852
4493
573845
955578
996475
827254
456890
302086
805051
894965
144938
29381
926386
206227
486031
560901
620054
718636
232170
629715
874212
91387
731160
194948
975862
286241
217791
791463
176834
237591
242757
468430
947809
104964
832372
473790
53608
283394
598528
108445
749517
693783
751057
608340
248822
429416
319200
742445
145823
842062
117222
497756
769929
199721
422208
672663
925136
574848
832850
464671
905999
651470
474415
42320
506353
194610
224474
861931
555418
350348
63957
230904
326191
984318
957202
265140
21311
112401
503883
795155
952618
3688
906322
99395
568857
3191
544194
850463
539162
519663
475060
224248
909436
108121
824855
999033
751090
453835
108320
983782
861753
131781
558015
167949
285395
555010
108842
127092
710033
333775
404082
590
741674
893321
919037
587024
340979
824942
808904
155472
615155
21249
901512
557767
753324
340997
538810
189379
136878
300563
334772
911602
85064
76379
768375
439047
12194
662193
89804
961367
418082
706445
527891
682624
100965
583113
478197
674831
11419
674389
617276
254312
915358
109377
445961
719264
531878
807247
126279
528793
187570
62222
648454
349169
673762
480386
870451
788132
159034
71846
937626
842311
993952
29401
37009
936354
152756
193458
946937
440693
395513
906285
33992
26128
742081
892126
225331
619667
862
284103
990275
123073
847295
552609
562158
262239
347452
94507
769958
871163
701860
423443
575235
285381
318476
187104
480497
570635
873166
860316
24151
873598
617322
150717
510581
656414
332498
927339
455299
486756
948212
632899
461768
744849
541125
446744
934350
556488
867542
932628
70272
596417
92316
225355
973432
597254
223454
52787
987019
219662
502154
55735
675253
159612
450352
138454
615479
302148
879289
13333
61393
684089
819424
761434
454642
124997
329653
203456
879007
177916
569251
765063
440913
115039
944035
160289
303856
51823
932962
312210
884650
130847
747182
488202
493678
799446
869628
762130
485238
298768
449867
921590
7343
272541
377823
6517
431714
83401
43085
986701
890568
64404
937412
7551
691406
652249
313274
199390
861921
793377
581134
511195
78319
655824
537684
797574
987852
853617
432227
250547
477426
538569
745883
744306
720728
361102
712140
965016
121568
573093
333364
43042
68802
101182
216242
433471
376606
229734
850081
891468
867471
879459
676942
303446
495920
571330
381636
345053
406737
984048
697958
990391
422353
996719
410214
576802
798946
519362
91247
632224
780883
875664
18675
187808
959230
490085
795417
248026
131172
196023
737921
68887
410482
231609
349846
574008
90901
773555
741633
140890
486933
158511
471341
866170
987489
960090
349250
447035
99127
521840
993145
209838
977265
671957
848064
367912
847114
998357
64123
234111
396769
310399
666986
101067
131679
720000
799766
113300
248761
92769
385980
103699
671633
862017
45900
734192
854892
211574
51905
286604
535796
43676
389682
217300
712523
543681
689904
526983
154172
971175
516040
429795
724350
590144
435007
389110
485674
440940
395273
959032
500703
218444
285971
434128
577159
734310
980110
356402
373170
657757
360288
282737
4727
213131
417474
451100
374777
24320
135289
44564
447775
421952
682511
441304
454939
761634
71920
151240
316145
735609
372393
562622
805936
507496
282751
556789
425076
497759
211633
565187
94331
991297
238127
132384
411002
893462
882708
185718
37853
