906012
562308
250466
199110
699422
956426
524232
786553
384637
187481
761017
406203
874587
218591
396320
785890
402249
769184
706019
484040
648207
71803
400832
290714
636111
42704
356196
241946
209091
885053
869875
147327
722105
170289
718616
264191
696879
729679
899087
932261
790276
563451
430201
145213
106138
697304
268461
559034
615712
689248
802209
951395
92342
479574
406168
841907
16508
62282
936568
891705
124193
614592
493878
276703
316733
643525
748764
579166
554532
853540
154403
980239
937812
591904
206737
975732
101888
486010
760763
873281
396301
100027
681258
149911
306526
708017
350520
742794
923697
717456
70681
92117
195906
65298
80494
913148
424303
90655
106874
532974
769368
787216
878290
345232
843756
240329
389660
92005
571107
339280
421402
10825
254512
669331
172883
347069
556411
580894
153572
414392
148609
163326
686616
40025
558220
301502
987235
529227
221394
813174
148047
435399
970414
336568
454359
890312
869489
799730
271760
649969
141408
808438
885970
320
35666
433831
921756
114494
945460
725560
644071
110016
542269
359971
62053
737379
434768
753296
59464
560329
430767
386166
371051
210100
672389
267190
139583
311921
31492
733990
50812
974668
498025
80864
259150
965520
647733
903683
775463
366454
650509
550095
112554
512998
655807
537370
557236
328218
920150
281
890668
531923
543650
925366
566554
266712
869043
788330
152472
529339
88183
500619
611047
994921
723691
71746
310605
774228
471819
942545
340462
83499
721468
254712
926862
432768
101566
567301
718796
820594
552956
714861
591915
909087
195910
649464
914084
531924
928332
277361
507959
114634
161397
67803
635803
160891
531367
481912
704187
73971
481170
127614
725559
894977
82173
411361
520741
71820
138267
719604
823464
958598
545806
314050
876093
985228
322272
724171
259370
826738
480210
968119
523379
231021
120531
45506
373021
436026
491234
579457
843147
861566
471295
312627
773703
675065
527346
554274
857132
964695
786920
919478
970303
530532
606859
259000
508829
147247
240159
248182
214210
617633
485811
425426
90479
465701
967496
208614
319042
831525
638677
411493
964456
588077
833196
49960
388303
504379
302552
527903
815373
275301
216197
408449
824640
824629
141515
684467
595748
222908
925396
815618
787702
469624
790433
903579
565797
833759
283697
284063
754125
243113
393470
403122
176785
175067
259863
337311
739272
134943
759064
378308
804375
830277
851716
96732
59774
970374
418378
793728
914268
840070
128232
319026
344804
320757
210173
442280
713111
99406
517359
508055
569269
310873
950108
171439
810424
559923
243603
453915
334921
324
622507
219686
250378
923230
727804
21106
221612
642950
155909
822068
73293
873977
167679
751416
100591
649661
220710
112445
75507
441328
553921
772084
835696
103150
597392
57013
514736
17701
341151
94258
795561
709144
854031
883713
640391
23783
659275
920002
93205
520317
379661
264653
681451
868396
795034
828414
105567
291962
102356
898358
181877
330827
830511
37459
81809
71977
367237
509833
109025
174253
289262
995201
987069
135246
53463
906720
859952
798818
630099
879029
226505
678540
317225
713106
590507
524074
196447
813794
150116
71842
282373
466137
199291
294237
235383
390724
156081
266569
472054
520382
463257
577181
886374
228577
579348
520900
186572
819388
910451
411197
890401
804113
934777
359023
682275
359756
336505
662945
374279
455374
25632
664871
147868
915720
518909
532520
700436
800852
68988
967368
588297
75971
271719
479090
357365
373470
282584
666999
432396
304252
872199
672619
125837
582062
887572
157753
219261
865510
642889
233272
997161
135063
441648
192390
681166
1669
863650
516230
599461
105250
693221
775369
90537
282680
403736
612700
492617
993442
801600
929991
366579
693799
693510
659838
54778
616245
237742
869248
382342
420899
376417
508656
264024
336704
999951
201956
111527
192735
724381
289249
781926
927975
570274
987445
521337
572724
977338
79102
924755
470731
574533
359445
651254
868873
286304
231488
383864
128775
365087
345988
633924
460147
305897
396801
253002
170131
163045
272474
353466
109108
923838
224314
678151
250645
205609
397865
840721
465084
492727
103955
662426
187123
566449
944882
948826
460944
822220
937922
174506
502852
801706
206365
720606
837302
688842
439865
758506
762648
717137
661331
30114
215133
704639
292035
200432
604719
803562
10405
999106
995849
306668
932704
331451
390127
379166
636014
475444
5664
421708
874827
460866
1285
56757
492474
351424
716539
486938
571223
622500
202700
228767
215383
897542
174542
675910
131264
834712
927019
735256
484975
22014
561945
729403
270358
909694
444459
63938
674112
339091
141777
957930
228881
414622
739532
241657
925958
623042
966951
939576
845213
99269
79766
825456
839696
536982
557617
417491
880529
157799
387556
818363
134381
756058
655304
996995
789801
8908
248308
695800
155399
147772
307046
789352
1822
452306
248977
711394
842447
967182
215462
754474
458279
793029
791997
149542
34253
770331
129370
565060
951358
294113
767149
467854
901112
178661
700257
76358
57858
672194
875064
490747
858337
446217
929518
28640
710538
264226
772377
647315
512852
780588
908399
514352
292503
779670
526569
573421
311407
873363
477126
674757
976928
220571
336761
724059
941296
644068
586634
681040
816410
276722
819241
68936
672396
262370
777393
74749
992611
78276
176982
761411
373495
27610
887446
857890
524985
496130
611775
114224
629635
474736
641542
753535
911658
582380
735974
314040
512741
271988
112816
681806
59395
86464
664197
368507
763215
498321
178949
433310
904846
588420
71847
177189
548338
540236
82063
235082
793417
923263
27368
672145
55720
485641
276056
216154
942952
597001
178481
289268
18700
170711
174030
132551
791872
283998
792157
804176
715714
782915
15361
763984
617380
458296
647848
395587
421758
944328
601884
361328
662220
405788
23482
25296
937257
275532
211401
839413
986668
96227
503525
212578
969335
679279
168199
545859
776486
935259
397250
415880
850721
417320
24363
16529
531027
833397
610637
738399
211576
607640
793581
202126
815139
217721
683067
72614
297761
629329
410047
738345
194857
501424
745759
212241
392042
849210
886378
913319
373494
810550
644220
480964
706295
826064
154956
282726
113829
777637
555254
956117
965875
586409
122250
419762
351931
844643
150592
977074
38864
159201
740879
133494
696456
716307
192989
357097
832768
763987
747726
768670
197937
846692
185283
279663
297811
90484
242807
979455
617402
834414
380841
950748
470594
679561
267309
423438
644496
137780
953464
390963
465978
483456
637898
172690
925348
961537
413711
733200
297006
177751
424152
814703
12564
536895
325239
178672
567823
379354
142979
509926
521753
961470
612313
22963
38788
182512
129855
669847
153602
95475
64129
645905
940915
358609
878017
924063
736082
224021
515547
259624
179049
339777
269973
629793
93944
64752
170646
759114
213945
762419
642824
647755
211853
216162
767310
91180
510530
813185
985573
315196
508854
873784
778679
691269
5530
44319
242365
146115
237539
53115
575407
315413
9530
259527
98539
752095
781742
712693
338349
407499
792200
54778
627592
114635
174817
771801
722112
824348
607709
529234
104695
493327
10736
619805
968825
645657
225693
384786
735009
674228
974666
609825
298314
804663
855068
700827
250096
660716
281365
784626
769938
622662
748790
297853
873983
29741
235209
716810
945735
543833
154581
708508
271606
120915
630325
16551
3736
950044
470897
516492
378033
464706
14855
821115
547671
440841
681848
181263
347844
484313
903507
363549
504713
534195
939585
589899
701728
514012
733614
357701
66538
933006
376810
15298
105343
582800
353809
294304
661941
298311
755879
717199
909255
892187
286700
508277
187552
16181
931752
589103
282718
427153
632263
346098
603247
460977
734663
333819
651248
980720
551225
910510
235493
237639
95424
668313
854616
16804
549217
470777
54276
274197
450047
459651
540245
10400
697583
692146
903358
330924
69461
922628
809022
446745
709068
876374
993651
761369
26821
490404
479533
506495
60237
463037
668621
146837
836368
960326
321149
153547
495766
190
643340
368572
505223
805162
855377
511642
152001
856572
855487
956770
958888
817980
319971
156752
342209
785366
92563
73313
4523
957854
643638
647988
773560
933667
635123
281298
906090
743786
987216
355530
586941
458931
474073
729144
615122
913742
477588
795465
555677
745630
793382
19809
530898
76370
757233
506070
134450
942707
750697
634172
696453
291782
938697
514954
169648
34254
969401
162956
950441
281589
691289
895320
907158
878888
330524
681831
663954
275831
201916
380142
985820
802377
277956
931844
870746
739387
153654
868740
968142
354614
906359
287037
148871
70718
644532
175247
7265
830199
429661
364316
783761
811378
486856
385354
971024
207224
750525
626755
366176
622661
919312
949761
867393
418847
246840
404462
132118
962581
715547
170647
49584
104353
384402
662185
883352
601156
468859
430327
307179
642038
11983
519261
256406
522207
496918
246535
57048
839688
441173
359809
891120
949728
570290
795858
3509
658518
649232
678286
241899
24346
265887
68288
966937
92110
399463
620943
355889
891817
563709
208078
643960
711253
50223
827484
804481
841942
617289
538437
567362
678052
285114
9729
786908
696625
409183
122511
464918
988632
998189
286926
156881
387878
966019
378526
5663
371515
170105
629344
325977
39394
284395
584749
660819
644151
379521
259280
669808
564930
289110
457945
617984
743106
913967
765946
826398
526777
964911
625279
528828
361441
974483
742155
181121
764220
601541
330644
872736
642630
761627
222549
745843
62501
650506
938066
544350
905027
821365
605738
214938
690166
626802
467195
849860
357773
155345
816388
355985
767210
457715
746247
153339
496302
943302
750848
447192
684443
526951
481275
570916
487189
258030
399022
406327
204884
375997
294972
330402
922957
929855
411682
336639
211225
526018
668267
95035
968480
208486
908843
403753
687770
813449
197051
386120
527839
798787
848022
501374
479665
752672
797008
30203
245662
32683
154313
39056
990601
323507
834340
35094
470291
703187
23068
377010
371212
402481
49837
260777
213920
320927
167440
200105
666415
709929
110146
402013
498094
352155
652217
310706
737596
735874
582247
583319
995408
607618
211122
612277
470496
495634
597576
147439
455585
620788
737861
84638
245700
953834
828962
157272
237482
666441
515343
913881
795419
321998
519056
236826
763157
127119
756307
43617
73475
237200
261663
576254
174844
928590
962585
367592
58047
669405
692501
232599
413595
671026
836800
593482
368183
950270
385378
57808
612187
158361
846928
914664
439069
590518
20079
612152
541642
670738
86044
904892
550492
817830
274760
834307
489503
911365
607136
3681
493919
698892
899090
878313
627592
78975
238835
422262
269300
489224
77653
337295
849554
542861
79733
265885
71593
91488
32616
878243
880198
180899
559381
60360
841695
289087
370994
813477
277125
396209
871619
170556
621693
150450
417092
768619
978737
16162
790934
43714
513094
424429
209048
37875
232383
251293
21322
899446
794286
692965
767653
745814
520062
843178
16219
12967
691175
558908
484713
682170
852551
360749
588010
60360
711211
209878
201169
31101
122151
128592
413806
164164
49018
499630
25084
131082
575032
448525
721117
517298
209612
631301
784511
890694
988185
951993
833283
923331
831356
434835
495203
718715
374674
610443
187386
389263
550312
766938
23890
186534
66568
732878
406770
168565
832988
212357
256844
869310
498743
148295
877653
972215
823405
102269
474974
113502
967566
738571
528318
671968
580030
302367
4847
441433
496077
67508
82332
145333
240396
121837
686132
357272
35916
15053
281156
640135
544222
401661
55128
111092
461822
764971
164322
237323
681687
821667
974830
724236
509304
699793
268902
31633
596785
989846
806092
879002
577021
668689
837273
183859
655389
996237
730362
331427
119017
979777
770711
681187
819618
57378
101170
888375
52032
670992
691135
451261
100196
902704
267082
244280
635362
4130
103053
859433
490928
163188
435206
665431
192213
117101
829540
105033
419978
978785
864727
157162
828805
337045
50129
696456
576512
540983
331118
760989
693725
520825
482089
986553
690568
980683
391109
718317
939581
621520
260621
712649
941515
696015
237192
184824
299411
913706
223898
503862
260048
4617
796315
219381
94516
229842
762015
691889
375376
837323
952000
542259
779143
105185
888613
48949
842908
680571
102476
666721
659627
950959
129494
961960
982811
394337
664772
586261
672045
92752
143097
653076
475946
375552
979918
250528
71327
56937
934097
510299
117171
524436
228052
882143
520527
28985
63865
259636
256879
62798
874592
733599
70868
355638
783467
3710
203913
421510
364632
281687
643950
775272
659494
602130
609350
907148
161360
609620
634779
691711
321794
530946
40345
937459
677718
24370
884530
984440
389056
144112
522101
768928
120646
564739
887109
167025
239762
578385
518735
562830
72826
804824
257941
903210
380949
457114
336345
348476
556224
889662
58045
51003
873460
505103
115534
196822
709913
248861
826823
777304
42609
990569
498075
970959
398299
71346
686355
408506
103820
813675
348666
807693
431033
965135
300106
577079
39667
453963
860906
916447
559208
790712
876258
231043
266757
293300
132721
179967
515442
131745
651283
361226
260466
396528
150030
616376
758720
929152
582765
102425
500682
918058
366517
697338
594519
505422
583015
329721
645836
867645
884537
816585
391091
176400
607765
815336
999999
481141
457029
290069
657559
128621
344795
2457
74986
263556
400067
603036
8257
612650
819366
909884
418833
195445
375032
804926
459827
448375
990672
299681
312560
114492
890082
461811
206748
557743
848789
716392
483560
333318
252959
326329
578056
161072
723453
668693
505743
312519
947030
616920
20714
223664
826018
997332
962315
853920
910775
679409
67010
944289
253618
733697
456927
539282
342169
818193
517081
513593
491170
663423
613685
123247
451626
623978
977898
909979
995270
80587
422273
390332
359779
214895
428088
395773
915931
174641
981232
730747
76097
299794
907368
540025
903241
118506
987526
528077
561549
461748
620656
620941
733886
789810
546480
808984
629707
266392
186942
481944
122926
557794
812579
10515
342415
215621
168393
21860
754549
887705
862497
563391
305248
579645
541381
87498
397265
891309
789466
173033
914648
224187
52220
122499
372616
793407
864182
714727
87339
947776
222886
94792
729107
234927
96842
385468
672733
376737
39934
242448
938497
866260
339938
402389
148379
882693
154531
461394
482514
364233
783368
816010
27311
79589
572592
892116
815324
297416
864156
345366
177256
714296
916950
312483
311995
347280
713721
783539
515113
684347
409477
779082
986750
306663
959166
567957
777484
220312
877378
877312
786624
920815
336439
252467
15315
723475
623843
798279
319582
3628
550850
731541
904809
227102
226546
450300
369440
98122
161414
846456
16154
846761
637037
498888
95210
6618
520331
701849
887870
424578
210221
269086
191423
330238
441959
233047
867036
267348
251498
84850
850442
338754
813631
931962
153677
243112
662643
837023
519351
6194
562887
238895
567709
804984
68666
86137
912186
679196
501036
637191
981758
991475
197106
381216
142998
613016
211432
275611
693919
887928
70134
603988
607277
229932
24876
61411
966317
941645
171663
969642
564986
54715
257959
763133
22677
655783
237185
560178
204142
84000
950290
540534
84611
661284
752430
325537
985912
930394
628267
655174
931704
326216
942404
605553
502674
720539
260267
843273
126893
74330
318168
108756
675078
219659
630753
944125
645039
690721
426019
743395
982839
299006
442090
534307
507469
983893
967398
127089
999620
401441
885006
381903
573265
602561
804982
571558
222588
894549
714955
376706
942127
428909
599477
396116
818641
555421
949523
807175
115827
158054
1001
803930
922313
402088
348337
274897
454437
547879
670040
474364
270988
477662
16922
971523
881256
224750
824860
889734
332916
190027
105229
419429
50558
417887
94896
67953
753733
492614
17243
294728
660778
142592
880924
150390
526501
190797
760089
450438
840386
72352
720122
433713
477558
557699
880531
489074
285940
120344
493047
655198
114278
477102
277929
935123
919401
130498
180979
972506
628460
467669
595285
76316
352092
908241
600415
893555
144711
896228
921771
603412
528121
750167
784932
450124
582941
237340
56684
872744
644816
821634
417606
315495
482681
348013
810054
418115
121773
202043
616320
102699
460213
692449
790620
931394
713663
141299
738968
978298
180269
728068
390429
284543
914833
137286
942653
81754
245479
849881
45386
694861
438836
661692
458094
478899
747883
282878
21646
208228
873852
105467
821015
224415
487959
145088
957458
628417
608271
842732
815512
708930
794644
435090
168284
443849
337438
765653
97490
582730
170611
677331
558316
48498
223736
960617
624750
505118
470548
828323
833253
623159
751244
765323
561112
25328
886925
708063
223783
721632
795229
589315
197825
538652
22913
214586
359140
123349
998178
61606
865531
363655
736216
995233
497633
424905
67156
914323
174059
346691
699073
334401
380743
792386
367246
557946
259115
636371
177939
332918
335794
70858
281001
205966
835593
995794
924207
712563
682419
200950
633341
829640
218193
933197
487822
348687
350411
383087
916862
852291
472156
666679
597296
132708
583317
440079
182373
445535
540560
38805
834322
314258
709711
340836
41498
892693
958998
478332
776649
384020
349052
818342
257990
604573
205407
684128
744147
123181
978886
351734
531183
917057
535959
246933
832506
958482
507878
360514
316512
688635
862172
627400
552663
652755
319425
564981
811926
930589
206339
717665
156133
645672
301294
222774
979687
186503
798433
275712
405094
788070
577965
570764
891732
801146
312381
168941
275756
756346
619211
531919
432093
427637
500459
932942
926431
363515
75870
869063
993706
545766
28115
436864
899860
814840
400398
743304
449038
517912
26660
385785
576842
837031
291183
962432
457000
652637
668453
445002
568331
689141
279668
698602
932222
958137
795413
620715
988896
205569
817134
218425
842313
990078
82322
694174
393632
260279
568335
804416
343672
687929
683492
562705
347821
980183
441263
729051
766399
802758
840544
509507
816838
963766
535522
97504
945757
29367
353441
348833
158512
805969
672711
777059
64672
508243
696412
458318
349821
997753
343934
660791
19161
575231
325846
566210
248389
91177
379489
80543
241039
138883
490614
661264
989931
893312
946878
160010
668073
304821
405131
180914
852179
191542
902347
114206
88510
510487
662571
759768
931970
453723
371105
914921
66194
850993
674720
446186
622763
696242
120687
333958
850183
645157
341394
157797
261691
753875
951083
158609
123301
441735
235065
624696
982961
598607
680186
699575
716957
286339
255933
448971
585814
66660
61772
568984
289990
42410
256432
961431
90940
623898
568484
562376
32229
333286
168433
887486
564825
124120
458099
32484
696925
808774
90815
697935
184212
919190
726984
679006
573199
187427
211979
844251
217469
42951
873978
510579
503819
603330
825
907323
99749
894156
226297
517931
229999
994370
880781
507411
811976
344834
108188
981973
189446
832097
883204
402674
956956
650819
706430
896712
354403
632091
284622
555747
137692
577801
938864
446965
110748
669493
141442
26333
470992
403617
585388
785370
588024
716403
132323
40169
415219
945106
417028
958647
323535
475767
856137
17124
846774
424077
96476
936745
984004
708496
42971
206458
609828
910882
293971
316796
804567
943082
877821
898768
347143
326132
75250
762118
178436
475026
106916
999595
681182
517829
206907
704709
498847
916927
444497
592630
360067
649516
277695
839113
686089
791600
320756
533512
649196
994267
103209
439948
824114
735851
791032
756165
690734
954088
147234
192720
644108
159765
304787
894782
998437
195776
52125
451516
657656
589196
558968
631377
829999
943211
432301
456592
480685
251243
346578
755795
448220
219108
50100
681881
802620
656135
947018
405625
373564
560253
318265
852958
212738
783342
475651
903215
551038
315037
241401
591186
336792
19748
418230
324443
146884
414625
550290
560623
674579
902930
721427
336900
265491
750931
906314
203361
196856
175185
354707
238991
762942
870722
840581
667967
402753
689698
735814
745261
956361
965366
79353
56655
429823
829208
849693
23647
262651
657617
891726
188288
938907
973938
318526
875107
115202
843313
35566
822453
447556
673441
896768
306833
865515
234426
60893
685366
600467
834549
889324
132232
416863
344028
781022
26656
684271
935684
58336
18668
773821
697082
42284
10279
774760
841195
584804
719586
586849
33598
631409
137288
512107
536018
813877
19525
860330
505555
827107
901668
215999
566222
383628
23008
404385
126310
966757
215441
31025
597511
195338
295846
65687
375513
466513
736706
671067
628419
719209
327492
957343
802612
689575
969765
103427
346533
833945
890395
766947
354589
603287
371808
458014
927273
25588
346541
667278
591661
487977
106611
343111
414323
541436
976298
952198
275418
847966
925797
610797
879498
741702
566447
411606
49293
909772
535325
865872
487868
809389
590972
474773
607194
279340
853461
765542
715641
460732
454362
173436
497394
38412
850439
538574
199777
76151
148236
754408
104314
915262
933101
371469
503859
381080
852431
623545
62127
101015
15450
622457
517301
751675
714835
339383
42348
894956
981228
97299
690770
501704
590768
737173
162571
647042
920991
980417
693397
754882
884286
245885
505592
629933
325092
631390
582922
977014
438512
531130
50445
860316
388619
344093
821349
694796
594746
775093
203192
436766
531844
932592
826564
138819
411277
519363
153241
675501
174114
552330
386622
491202
831433
509692
942921
985239
704397
808581
19012
143216
957105
220787
202655
144251
686246
787566
915669
248200
961377
791667
901476
760140
473963
637675
267381
384320
887252
810501
481935
133143
904332
359293
423039
776843
177186
199849
841314
877334
62197
156885
286981
833720
960023
873733
153122
590210
192772
385540
137221
573808
758338
539492
666388
954450
114090
774138
180409
813214
320709
865290
941899
384636
420876
452090
223951
588145
415283
902769
390018
26239
827453
245554
955390
710285
875894
783742
219999
687745
843836
657095
501489
853775
533572
450655
995940
556896
136971
776380
399939
120015
602936
832938
289078
460914
721682
19999
907873
588115
514920
168902
149138
557327
523431
50584
23084
576854
177992
119282
53780
712842
110213
934332
396344
854533
329449
570675
191521
447200
340798
356945
551529
817547
939316
733263
657792
80110
295550
67715
745002
321446
896502
960502
724317
555711
523918
229807
250286
826816
162213
382107
4179
882185
58958
932511
315693
82664
141004
982807
911129
856125
919220
161783
566282
885677
777455
239926
540096
92711
781848
144271
492077
147660
959151
816581
577350
368737
221056
921486
12680
316905
686920
550037
388814
807586
28753
323834
498826
249757
307179
326042
790931
934341
961121
135088
928288
685900
889026
500427
358150
303067
536504
406361
868583
362291
185681
273823
470034
826743
352253
169624
540177
793246
583381
72533
552510
475208
746682
483741
29421
52623
655089
528342
675019
889171
273697
373099
606387
712063
206976
80457
287330
500434
367261
547066
391431
185482
626436
27678
719320
303794
252843
508911
169708
46615
493302
114847
76718
489042
514362
36779
253430
480915
449501
480606
375814
984345
30987
996364
63222
845083
236074
307160
563808
346684
746858
694695
844838
803983
973541
855440
586736
526388
787373
623921
495368
159777
321641
952636
119089
482423
910389
209137
865610
182217
870918
90103
525616
724523
532391
124058
426353
814047
189782
612964
882032
983632
419937
27961
464402
805604
61066
742590
459672
623563
757471
65305
522224
248736
206998
242830
510389
229842
723269
594646
370177
52797
186624
465953
991549
711203
742704
411975
691132
184164
10618
588240
762118
490603
752948
446470
127503
936070
316723
533041
482340
370660
283650
409944
862810
17327
864206
914269
363655
249521
618802
998677
747842
181877
446052
209445
381468
285183
723530
433352
862868
895679
469103
85775
444850
289385
121856
138095
293943
806191
460679
946973
133156
366797
314177
45381
300501
605393
695363
960830
584595
669273
198844
379043
539984
718820
44429
319441
342693
716360
897507
591903
269708
354228
12722
283842
820675
374242
483222
364426
298447
199357
975345
221670
953631
100925
293384
853127
842148
842900
273038
754941
528542
606276
343639
930168
556794
777501
264308
739153
639372
346768
155976
439556
273512
949907
209191
341517
34578
622068
546565
19303
708808
380686
750624
216386
350708
709345
753581
497637
2015
2755
226154
607573
334715
25607
549765
255876
373526
827582
9773
372590
753648
138922
574271
809582
111167
213807
519634
919651
359803
825790
926252
663562
324801
868253
891562
872158
712228
863534
892229
355874
428719
29957
307892
456560
280289
972718
500407
969702
10540
486164
239300
76643
343019
744158
581967
158967
800148
36736
412148
152154
688928
17225
110499
238020
125895
267297
163593
673756
826696
810223
622235
644298
615582
360109
706135
934889
139209
439499
613101
584700
18162
591260
547054
617587
653894
957794
600301
414908
837230
450997
974245
619392
779685
660853
854790
242977
634684
271511
88564
195456
809154
635711
155440
173697
944819
638843
745384
218390
255589
173648
950848
513715
327322
114559
103164
9147
574821
292850
973967
8154
756500
128290
954477
378048
959086
435052
505340
198176
246584
128661
999970
87612
437269
603082
445768
685160
28792
245113
503324
629911
898095
134662
23265
741316
500879
557531
573192
688311
22429
996222
382822
709072
343627
774600
75335
251048
915024
705885
481325
510560
333605
186407
982322
78044
434601
31347
146523
494847
462408
262242
328262
737498
504093
278097
272016
173283
811535
902092
163545
451551
103794
199726
298950
226342
730422
970751
468314
988514
46975
76749
725259
509405
555649
799605
427614
154577
68979
516670
389629
973061
478438
473753
916201
93527
658700
515058
737949
314412
205680
824037
908168
634115
14037
512322
18406
236659
76424
945681
20910
790987
125710
259646
887276
585711
354644
367005
253957
803077
399015
672141
499277
278009
156170
453792
40374
815635
582242
883475
823879
179165
143948
116768
559559
613960
616670
159296
411602
46490
315465
268412
276317
466469
711651
927593
450654
340609
95658
335187
271217
450183
164260
465551
538255
868644
110465
746541
945282
439730
44028
899300
313205
196450
135645
724660
687425
114045
621512
773694
421272
185993
764934
706738
195378
184321
815251
167513
337881
9694
220325
557681
108789
945501
124596
689611
483496
956888
575071
616707
189389
373804
336382
337135
609163
869770
506992
124331
755683
112996
391511
976867
434475
782053
276937
586656
617527
265086
422669
887192
875933
874777
440425
448029
356607
896620
307082
15402
875285
901361
9977
430731
811392
876690
164084
471588
756903
47264
170529
202233
826413
187787
801136
72610
420557
670673
341127
707797
492947
698934
274347
163592
313310
765739
148504
533670
654237
121997
746691
331228
170113
446385
541072
652004
975178
66277
260938
119465
611208
707613
782254
640456
824190
359282
926127
689535
870744
483677
149015
708243
829279
212789
227409
525380
847735
908720
770245
524517
983260
719379
447444
776897
90002
424226
170422
874345
256015
583767
71211
642952
900246
475195
477587
167982
895961
331140
145372
384895
330708
971190
653647
480252
81314
512688
613024
655149
589985
27812
723023
526512
715248
437431
449415
804546
969513
10648
152104
55266
506307
650629
901569
706671
591420
13711
231952
700204
635142
604429
92474
467941
315690
494749
88281
900212
513216
483612
522984
282673
340405
248223
198036
538142
176884
850882
419576
368571
491178
303218
624841
766269
190570
783110
839092
589717
842386
811845
340571
54169
508393
511910
407212
285129
691767
281840
896247
29103
441531
411473
484479
126577
429509
205062
142090
227709
919085
744292
220625
758721
671042
778766
805683
84598
93879
81189
125882
134598
77261
145453
370154
470876
255145
503282
941540
701386
384058
74662
856053
806552
913082
321184
266755
766199
835611
83947
240663
876770
228595
303768
140507
260035
198876
228939
732351
1673
184475
845681
36065
670405
480734
422333
196814
27617
748819
322623
546636
177743
800769
33555
424963
341108
672033
768617
202886
136722
870406
364987
885945
651136
729391
860775
385388
352034
925047
722039
953670
274321
951670
602498
686513
817846
238335
115012
851196
195732
151734
377194
938181
793446
562079
907688
246226
578569
739013
422442
289226
133529
941249
975120
246631
131391
849289
605617
572709
680698
10031
340872
913858
939780
713575
382357
893904
936520
416061
148334
510380
58468
24541
492974
736358
933328
600460
726077
469453
23740
107817
393559
400521
629746
563866
5160
835073
189309
991086
730623
849817
3755
66773
938318
28340
910559
27739
528584
171072
478213
348648
632250
472482
51303
726909
291570
459043
270392
303053
494374
399415
514949
358869
257552
394294
176698
783604
283731
737816
733972
799732
359865
210794
537985
276826
923547
880623
716984
393460
302409
592720
477171
600886
55448
578232
408194
419678
850529
984208
67110
812527
410317
288065
546985
457823
575969
707142
376323
156767
760439
543359
429474
365143
407403
629623
255452
29971
847514
22343
274062
311408
309313
946858
66797
535586
960308
32933
630930
108621
277514
460562
180635
215511
197937
743168
468141
300994
805790
813574
430776
23976
145132
432766
163777
440090
5319
247280
300726
272126
764727
554919
440356
346503
802689
636239
493009
769376
101925
546609
873828
274288
271951
843095
155489
33100
781295
25094
836820
537517
8166
89597
847694
357560
111777
604010
678398
751527
987963
198079
764849
788454
85029
78115
691311
925073
592864
494031
187913
188912
619161
596433
173592
415486
666686
408625
38906
795627
408881
48052
330775
632810
621107
535237
923879
909803
888708
240600
332949
528522
165637
942885
164862
283692
189733
90578
153676
960115
456940
529685
432526
619367
534791
346907
839855
701565
588953
917222
284377
286924
272922
596563
708168
547732
346280
441834
442533
594182
255125
959115
638575
894356
26588
183115
177719
68669
28864
52663
929763
118
702535
758792
77878
574191
137061
428014
994825
317872
519250
691788
728849
812372
35845
775224
327860
930052
392635
204258
456123
170240
772883
839088
110299
898152
973068
9834
794870
828193
571805
27787
563770
861426
833741
420290
482447
300615
851525
823470
944077
289352
966959
956602
886801
62126
544785
952933
910965
769811
835156
755633
487274
818119
929101
806585
247740
304016
905159
35452
628115
568268
800503
302759
808148
380283
435846
432400
310202
273340
122199
69308
570850
865642
910483
255871
581304
159002
478641
532435
705370
873572
932660
419020
585709
718971
458493
473075
246376
946653
9255
27682
164445
411732
441163
331114
72376
775456
229988
739659
95795
295135
817274
449608
457210
864795
921980
686526
89142
785707
683840
946495
389339
117440
529705
383360
873704
715715
396568
588618
21990
348783
747947
153383
508209
386768
772977
340117
842105
407761
905326
276577
453250
120054
515595
388436
181935
136301
944821
883502
196813
756455
340278
551448
946701
720675
249739
93325
624844
864982
983603
987870
136248
892000
870438
549887
117240
102655
137986
343127
163553
819846
328707
901027
171840
103809
76402
299847
92788
791049
832012
271769
975305
582818
628115
298503
380614
128465
11249
636968
932881
258158
869368
39809
623247
714335
997530
29697
940984
355500
212081
320722
25912
164331
190261
604872
94172
69653
456901
383845
134773
683314
777483
389634
855770
720867
681618
311459
244175
63006
944103
309860
814740
543863
682010
633784
138823
976117
726220
122009
437504
61708
614898
64360
254498
660194
711382
553246
135128
238666
147381
686231
739931
114023
677726
417652
460061
48810
699109
314061
226763
308013
131614
784939
18682
521936
263234
304431
450536
469012
117239
734817
836069
914737
807889
335593
548970
775673
148155
688570
836282
73810
811084
88352
910934
605208
211736
506814
133864
548241
650807
522509
154922
313783
850475
731084
60331
923295
927984
31339
984489
563202
956771
794679
114015
738080
753754
392746
175099
655166
684859
554587
133798
83913
87471
73655
216792
846257
957979
348102
595414
171785
426530
159716
387707
874977
787038
549038
628010
937819
785249
848531
671929
985017
889703
484093
647156
516235
591361
298058
507697
685582
568390
621463
336231
465303
209814
946598
419658
319542
667701
652474
946037
307192
363974
1052
657535
722320
744621
41843
301696
704087
731713
303297
212819
778824
130720
928560
180011
198822
51093
18429
874797
307897
205048
925812
472784
283732
748514
999772
502516
341316
118404
916084
889306
108992
171147
821576
103662
900982
558136
747163
810760
864764
858957
677648
950063
210744
450383
535264
528441
246762
811290
658230
292760
765703
75708
835758
821638
35924
946711
378589
189028
567301
341422
990052
16481
303038
514775
507361
200289
822092
169601
181388
425683
171305
103807
332348
273810
313988
460214
174789
301300
992848
705828
728871
949178
980747
529528
534555
391598
661168
618118
324511
639775
656536
367697
112551
714890
798988
236179
182136
807854
123255
588224
672647
742258
660610
595556
699263
473885
291675
759536
908519
559226
759467
202931
663222
831325
975105
205703
249894
992732
515053
219787
65345
24543
376360
57262
316455
160441
544887
869908
843337
863870
182830
907463
471564
889125
197296
720330
285508
808745
809852
410829
811125
758458
103630
905580
834205
909898
25645
652077
161257
105972
471253
88085
680370
778453
81813
233235
595149
5347
716616
973620
671414
525047
913513
260953
156893
908285
707092
922115
61680
870228
592736
641450
872609
608803
21783
479442
263125
182517
705121
596778
582431
732723
615635
474008
910312
279073
123164
818487
15556
256698
793745
686382
217834
683593
326401
552663
798767
716532
829100
432285
885484
349522
478942
710505
310684
394457
226926
589405
958513
297130
792415
957206
584767
232873
669298
486024
350366
895014
775456
585213
115391
806205
993689
356349
540606
986856
707342
214510
932403
15312
426161
293414
689604
263957
337720
401438
848031
128608
597151
373777
49656
923147
262256
751977
459237
208132
96079
985620
957771
678105
20850
365085
269086
760622
62840
244829
735274
438415
464066
374571
206773
795533
168963
838941
326094
846754
514796
699260
180045
674402
810950
674035
393964
407148
590802
438027
231332
748121
328903
711506
386987
707397
419741
792607
33390
566943
405277
194181
881250
914791
235593
60463
784348
689694
548336
917975
652250
976942
902957
734631
327644
947517
912350
602626
748674
576466
427540
894529
297913
570245
408961
944376
605200
689200
887536
721173
447062
134873
871220
689545
58529
693181
488763
71599
406659
16586
135756
990947
114626
644580
642800
236077
164574
774270
779196
305780
370800
762142
937852
658922
22372
302858
495928
910911
528566
653174
369471
332697
946728
261978
993851
276562
33298
65182
795545
671432
523316
168708
409832
281583
787168
293866
237483
982837
310814
247785
834659
783970
854533
286469
583838
208707
149657
680763
661302
306215
711655
212496
512466
262351
304290
499102
270339
331950
572014
973304
808654
244927
755326
477646
298269
981256
391836
927961
486334
505606
949325
353316
112200
952143
17813
155440
260916
760530
785034
851924
954018
129775
243322
361289
302187
976876
733835
994054
405399
183072
837612
946288
62619
396710
422670
947950
112079
817966
205947
852416
212362
165130
998011
107762
662683
455526
4162
745231
124461
595162
973389
892408
956834
828769
399978
734210
774847
687742
833843
641070
301278
220347
685112
719523
198228
287747
119788
791051
357813
742403
9321
823983
456556
784322
30577
857536
471659
310200
43581
679974
321452
484706
291409
885763
167277
446594
384157
701690
953554
304450
252814
690782
686281
755816
316692
855089
735120
193820
134257
26366
619705
216458
610427
27487
149488
204689
526559
501096
749582
350384
519862
687337
832687
835429
62055
639588
724245
228465
380595
281882
757095
159825
191563
11067
888753
226146
601681
552957
260466
334939
995868
352064
984203
422450
41482
225634
961878
987089
365186
765969
52687
315952
112101
709984
403555
216740
501943
943351
492550
560054
261382
113822
98979
748176
42822
695085
175727
823288
484333
929601
13685
571753
62607
806740
39754
462841
426054
471656
716148
855648
236147
324985
575851
281020
474835
936051
897135
487971
744240
632964
757399
490794
733311
450445
283009
952210
825419
398136
867384
956200
765853
22547
443102
510287
433390
52618
727602
915730
575158
569467
765881
617129
495145
503563
150785
536267
821900
747050
513159
404484
114349
352422
339934
532774
490221
741791
173931
851950
714796
120280
426998
12527
575396
866424
806585
238691
445393
447408
567451
607052
338675
676130
67058
902335
648923
885569
94923
113090
334463
186403
455929
534889
46600
635553
802859
441180
44470
207695
817990
505403
705227
610650
132132
629871
142174
541794
783410
518306
457554
697922
715934
796299
271059
413771
703365
667793
90534
326443
470731
149706
206380
946024
677822
924664
709282
314605
680569
949653
164662
815985
857044
716811
11580
339372
915672
114159
188860
818551
837827
835774
460434
733125
198493
936794
46152
780575
179244
169404
659668
341231
562761
839974
568637
887888
973472
793193
468826
241399
572968
784761
204293
541122
78839
58796
493557
554310
74652
141944
6990
371342
940311
663704
524892
735187
473476
732584
208527
17189
24723
797606
43465
480168
559767
936913
287443
513394
209329
46544
932571
240689
622347
437366
973959
602166
748709
479414
339565
910851
843495
567269
335195
830489
651802
707162
573655
400349
881567
644887
644220
231054
483868
889688
521552
744894
909121
973409
482614
303023
405851
328359
817995
958156
452367
142019
58040
707229
242442
727159
191451
226960
564440
788017
582972
986790
329045
36742
770309
147913
330053
72314
971720
36464
323361
21445
228387
201578
383646
486679
239703
736893
164101
962227
297684
13365
50765
79310
536684
727245
524471
150043
24876
484786
557398
169774
261137
966182
923384
579749
653123
516435
89147
382593
832522
523245
438849
682267
346655
693027
557067
407150
394421
289437
780752
487867
557793
970049
262325
708931
545827
312632
336552
644177
328277
145816
41010
354655
422582
118593
971542
842630
803614
924713
185779
671726
247795
171826
988435
531038
607614
793964
839830
588306
909122
447666
327846
517344
697319
67521
100699
391596
452344
199232
326350
569823
385902
763156
161382
769124
252943
639013
692528
193333
403358
622774
927206
939948
484351
532005
752308
605075
979136
121710
558745
480228
508248
602409
488270
295119
795368
249849
820748
768599
268568
904158
627677
236134
584877
962044
494207
495768
801322
641615
274451
678690
11408
182877
833537
950995
226189
226063
815401
377035
988295
380821
515721
235819
80355
768559
67006
641707
715104
167902
386155
70234
484896
193148
81624
123595
531835
931286
101129
508126
858392
597296
155424
727927
358605
990674
728723
818716
791294
931407
794436
914210
371433
437573
469232
191316
302825
52076
718337
858946
444202
795710
252567
543995
148047
854705
414080
217963
738774
620190
341361
164722
885714
829557
159883
559371
592624
205245
18179
830687
297231
16896
964211
563070
694425
537939
805944
893155
120477
842626
178741
135495
455927
78428
730839
676095
109736
642632
454276
678824
600805
766386
446967
674760
28156
520941
322217
275289
113394
138038
332158
985033
366049
456362
364143
396238
567868
809171
134629
22163
275461
291252
9468
258995
355517
572225
908158
668176
188478
50419
115976
935591
707117
615091
647257
558735
683185
269724
791069
345061
612592
767871
479429
503681
525993
997794
130463
694041
514498
739807
777834
190242
221551
644371
906671
160916
250425
665832
864341
116045
506682
334375
778613
567046
281874
986446
958604
789720
973411
485502
101023
858509
208635
630559
381550
686686
294338
721296
270820
759797
928791
711345
537560
251826
475529
523209
488167
861393
130860
776754
633370
630845
986436
702868
522505
513060
439541
586786
989024
105326
254509
871866
834861
902070
396761
276815
189357
841927
923943
768
585554
291446
302666
835642
370179
965962
719926
179200
191605
699865
822780
456257
213619
652353
194898
2270
934756
509361
834857
407887
241713
786026
47384
973223
312213
39558
628371
248363
82628
42843
579435
689795
437296
329098
498571
226586
463421
16540
867389
154277
451493
937499
917353
269151
97936
188591
607074
557082
701642
897392
432246
847961
334806
764704
637759
298228
828424
931913
541531
747038
444460
317827
954355
977340
782273
110665
587151
244978
874669
74106
935670
248101
371452
262713
872499
647932
783904
390780
567468
664552
871341
682729
187385
297897
134736
180060
21731
901365
11495
760316
976237
80306
221357
201150
387768
871610
977032
847220
893029
141764
390565
769090
498738
260543
170624
829814
80882
284273
234111
384009
410325
363113
788606
199862
651511
886859
294346
270158
26916
67091
547185
460673
532958
248921
745864
895510
409074
461499
672174
515153
38900
68698
486517
560005
149066
907004
958729
670964
25136
765467
176340
69043
389167
958270
16077
637955
940174
347159
9048
491552
560353
603456
981773
759372
457537
29118
459516
215353
279963
896369
329542
907757
748335
613966
34645
98652
822056
232585
645931
54628
83144
625762
937421
799295
60496
452214
853308
847319
930379
288726
634546
244548
444594
213189
968162
345560
246031
838282
815533
175043
741747
122288
649415
132113
727700
63346
887292
10584
954786
927320
295335
13745
637347
838613
532635
330380
703906
40865
50292
154462
881950
361720
261416
365517
454885
652739
832117
12244
10936
350110
556392
285224
265890
599126
2685
838907
968949
648362
528382
138023
525022
635722
322588
941732
114521
968181
105284
681861
562493
212656
440383
32946
396675
733703
242672
655152
760670
764532
894029
362663
189619
47147
558075
586733
120137
779874
246603
734213
573842
880981
933214
652443
39794
640772
158306
744922
615421
220520
999451
131652
962780
327240
147954
773782
246535
378955
714113
352263
269891
406866
36448
482936
609715
605259
236713
995760
633841
783570
967778
195175
746780
784754
123998
759521
573833
538175
686500
793980
245529
943682
24755
955575
815216
730769
610904
62153
726354
910693
439109
866370
92684
431943
863267
577812
561359
54532
774932
21481
405480
900386
947769
715173
674344
344598
723665
8580
23122
876437
990183
944210
190996
413183
406246
541318
700926
791130
178563
972688
192740
260533
348426
367905
645108
63065
581962
958471
736851
614630
214725
93002
183177
674773
27018
299517
761383
845465
974954
233342
618060
988067
795921
565861
851807
913378
380532
86256
477127
198013
586209
312325
172469
260980
18638
614071
937196
329235
305160
838578
72282
924007
285997
179495
168331
258084
500980
460933
924026
48494
876173
250473
574557
163178
461164
989070
713631
728264
796070
983196
642186
431448
257476
654897
307106
741199
996632
168728
371099
331547
333667
25965
741688
909979
970002
152332
308660
187074
422851
411371
768452
998454
178295
128086
556751
586105
14363
606824
859390
669469
320157
631875
765029
123763
380700
19623
237409
957834
524457
418963
932965
881391
955251
932152
90156
993100
196097
766854
940936
419882
363767
135632
224242
726768
136206
464208
624037
566917
525971
615041
26928
984762
403612
219676
612587
412329
226015
405192
706165
40745
957896
741122
905792
288205
793943
686214
390539
764370
896067
100063
137049
478724
305964
774114
202793
405012
525232
484393
606286
543061
48320
627526
984047
422894
357911
710719
278087
592400
675957
776676
260115
793405
934777
869098
233917
505058
65981
193641
68997
306350
389220
463438
470169
197830
118983
83380
903532
917164
226090
326254
907975
291934
923939
383618
880121
325260
895712
147843
411359
202972
162281
371386
751306
918394
520859
322881
596937
320440
242049
657260
935415
490398
169022
997638
881222
706735
77371
342921
463328
582446
556366
140016
926728
647503
648133
97487
363522
290135
229907
857188
954573
474985
153336
779345
185788
227246
559786
147197
211489
579684
219192
120307
317902
578800
280835
959057
909688
946938
226615
429109
663853
982286
608757
982310
17767
301469
26637
323514
498170
187306
376716
583638
920834
721224
555636
188425
892602
351407
184177
341501
431524
377816
160474
975480
223091
869728
137973
973626
470175
846550
395685
288181
377122
795323
205492
437157
98434
732566
355215
346375
248549
40695
515411
43268
752814
629701
698606
361934
818532
572153
669079
130262
483262
898345
576513
486594
222998
28870
479952
41351
547205
420987
479109
877325
932339
892351
917606
955365
228682
435336
999490
801545
636308
536612
805158
283229
420409
871084
467724
459476
677908
509371
479242
231795
503385
387352
629159
983009
375012
11481
34836
76387
690256
42807
317730
626337
356224
353805
361388
989034
185371
520217
393728
385281
945715
179223
473004
904892
905639
394360
588866
868410
423498
217213
632327
538174
459391
885782
264438
904666
901091
855140
190922
828276
358540
909464
234830
846438
891812
168609
643478
477656
769876
584869
102604
720330
699932
882202
159305
665707
961577
209704
172887
3334
480703
535323
803547
933131
515807
425804
314271
828162
641330
207278
312332
506201
942863
281961
663313
274766
146613
171191
892000
649166
420644
480178
277959
62541
125361
552961
28460
912591
997059
926253
730233
11855
29761
649533
236188
301822
996301
866055
659536
676028
558831
426924
327186
139780
872540
68458
566566
876269
763788
850664
86588
67269
802648
329154
285265
408416
674097
135501
488430
737917
838790
964210
713050
678261
673896
925583
453335
448623
710785
290377
425129
801207
458857
670325
616157
184340
91166
604335
594089
785206
154581
479889
834844
901878
406386
294159
746194
652507
686023
752477
532794
543521
869497
645924
360968
697163
818366
922417
803958
45303
346651
258233
595851
811354
654889
496171
331299
551060
781317
857326
562259
346715
129159
519256
328441
134390
836884
689099
799293
285608
688974
978727
313158
369929
749336
343116
558365
251852
490508
988442
643213
100809
746157
580554
158190
943275
179685
54245
475498
903248
697536
177665
813115
86486
435814
536327
71140
670475
996025
917435
409432
172713
255964
93902
750356
346636
294762
741022
985315
554626
567656
200926
367761
887575
479259
989384
712132
964031
995275
953264
934891
331248
871445
652551
11869
87528
381053
348697
831549
142059
851147
604925
655042
295009
281692
472511
893997
759801
663076
983907
202293
823526
661882
651640
409478
669452
682140
893678
590319
886348
936038
867794
447804
535364
850347
952718
245940
689250
47085
419788
236166
671252
828801
977539
65054
78894
206853
118448
910453
292783
522948
707916
904740
585453
545698
86104
210743
844742
970838
273933
269963
500480
352891
22444
187249
693073
280680
740158
815907
461592
13323
489418
227775
848664
677491
42942
296782
192059
895655
672970
703094
720736
587747
261348
514006
678088
478469
563371
641674
849277
783146
984536
197861
486169
972316
901475
720640
650561
783814
835808
523336
21638
255805
804998
470629
434308
968531
306052
8956
125189
214656
321715
436430
995715
82770
362361
416610
299428
990655
930932
790462
66521
513602
925723
372528
773728
926861
99385
234459
275763
276661
693004
659816
317788
579105
151366
676543
726088
357597
593804
476910
196872
918001
839140
792445
213493
458566
895259
990568
356090
798769
284496
457676
644543
797134
669692
206593
767602
834612
780717
153551
215403
765790
6022
415182
246141
763512
659026
189582
449932
316064
189304
76290
910803
963314
733524
49903
408105
945456
976190
805554
129044
357416
958662
329707
765345
98865
579554
226826
708373
289588
812123
514152
140607
378645
914620
820907
452349
287540
479391
290332
186568
518832
233440
558103
790091
752476
768010
598496
95900
275995
458152
751707
567381
136007
236838
802039
156825
404946
429482
316127
327238
49328
864065
944236
61782
774957
445494
413304
61963
780141
790384
345402
655760
157089
22822
832565
205812
901607
496926
577728
443632
967216
774393
462929
776099
147300
298977
204173
869683
531096
764328
904002
697101
44351
365158
738013
859032
358289
58229
72082
927972
171955
303794
124435
779874
69393
417809
679337
79124
937330
801161
188986
845770
471861
968082
378184
242476
102057
838426
585289
971651
567218
504242
837963
881820
977447
929926
23605
872218
399787
935075
419445
905110
218916
804048
440254
236078
930865
950454
40058
699763
209779
539681
173839
863017
741144
880749
717425
734064
531541
703819
360272
940176
123378
763990
731960
550517
101490
116119
651204
760464
628413
814310
811437
308173
809017
56551
367277
371742
517185
868166
561218
792572
574103
445033
941139
987818
114159
740273
12059
570737
649601
926942
925992
304471
3931
805412
505612
291687
865334
172650
60016
26803
244387
813175
985976
562291
239258
103738
581578
167294
297347
379684
577219
723768
679297
324080
689719
832121
497065
206745
111021
406905
102880
44277
970336
369959
96146
734319
55126
119968
265124
462398
113233
573418
184942
676664
183200
561067
660535
149050
698231
59579
299734
317370
614339
883900
952651
348761
470728
737442
111890
595920
560248
528609
372773
740524
627596
642966
747021
439134
512316
952709
24403
500050
371926
683249
551647
540553
964990
140322
560964
549650
778797
858981
673192
922960
537249
18558
911046
323591
365739
991890
869459
666740
684810
278273
768391
304871
81813
584667
172917
557721
444219
4230
435808
596541
842766
635127
707481
525882
817775
157119
777732
37360
695286
21631
220675
686412
948090
676335
469346
392236
423074
521872
744040
9402
99590
531802
56480
208367
924882
93500
204187
514218
233480
503650
63072
627709
575957
829465
114171
888151
13932
406462
334689
227299
389418
825025
597428
58151
289996
84225
944884
958113
359691
201792
352535
577148
824858
947424
294944
421440
34793
326200
618669
622790
613600
235806
310195
774079
604285
69797
643040
519692
873972
832995
812242
646680
127256
527246
973631
740501
719421
607534
770339
662926
835371
625577
769006
991095
767763
645694
865994
604240
147232
118382
170101
457447
978708
848970
25784
554063
977378
166014
154948
827130
633230
557707
300107
928303
716813
787378
487174
395919
142488
984279
958662
346298
30153
447775
998500
573897
34104
944435
102892
690056
572377
543524
570787
349191
450427
660970
467645
243032
835614
575533
152998
496134
221275
413445
806012
958285
823432
431431
985260
141860
733218
601902
559314
643635
829095
632981
379024
418864
996355
149043
103734
135805
848869
773045
769386
881531
593730
778560
531222
94784
687107
448191
478271
905462
211482
608530
442732
407169
388573
216888
793171
512085
724162
762908
184391
751653
600171
940420
549867
728120
983274
353732
867736
771361
411452
971956
46280
21781
994345
560102
192430
278633
427355
3783
108174
464515
983316
18961
769735
686681
727798
386606
869191
407007
610318
77226
588450
474011
572290
111755
56329
756066
306201
2715
194207
875027
620677
267018
74174
516508
18535
766362
344234
341770
825805
258782
956018
701929
353677
626590
958897
95507
173421
493318
151025
322702
864170
899912
827844
397597
341456
412824
492043
178104
425857
6134
361624
529435
447838
224356
56831
607619
796191
632080
239431
77222
601481
12295
701606
737225
990319
166988
938710
842853
37888
567030
153598
300181
237462
722925
318846
567741
337220
921055
200675
558966
990233
391515
488674
846741
696008
145688
608480
794521
727827
76604
784004
679409
637090
396225
818802
693850
335087
772471
426074
332405
365326
978147
129180
526048
290331
977693
585395
43347
508865
480528
480410
796591
855880
233530
256521
436692
538159
211010
146878
271060
233913
36527
659826
518517
660830
372130
697778
696445
349286
789991
686077
70587
779333
64450
845512
275494
909160
602191
31137
799696
404353
537483
90690
862235
681110
763619
618334
94642
656382
141661
274653
189045
9047
198864
739932
143399
12580
865509
960755
416073
344048
84651
983849
802676
684804
610472
155547
879997
201975
30644
24325
388769
418085
615120
193048
867725
587366
679741
842485
377849
422008
319532
18357
128694
402684
603196
103131
513206
978496
972746
25771
836766
640208
429315
804955
390862
257511
803107
685214
510432
612107
923904
135870
557137
513591
867201
413016
319467
117568
790747
611862
933978
939579
490348
397979
434804
650229
895216
128449
249671
424414
158162
562943
190688
340711
466282
766623
90249
82397
668359
334876
5244
583404
105084
132321
274741
378487
81877
913099
680377
145247
643545
321629
30465
437919
560443
129457
555905
974713
597564
469568
310092
869180
887733
106939
575056
654179
830919
640062
616370
414116
631297
370471
915471
584125
711029
382051
829975
978373
651606
444909
479590
538220
526072
347658
126015
285329
433710
898621
544877
523576
907049
64208
407104
22392
29499
534233
425432
454093
434054
853997
408135
892021
856749
693592
883733
760383
424211
507047
637548
30436
311772
270934
822080
120345
309620
410831
392234
676337
920311
27477
358505
815495
234718
659210
449164
587911
522363
77944
863096
696162
902786
50212
255374
140641
468006
969426
399991
26266
147895
921135
832477
259737
525226
241099
814404
100475
874249
722572
542717
968574
714171
803988
706087
5294
162697
673535
101443
644518
850636
725505
559265
987369
738539
504458
883067
594499
798393
505089
242629
81299
595890
733753
901459
903044
432308
303375
224045
667721
916529
774908
950160
636742
689019
693844
910279
948287
925645
193053
498727
121826
768428
690469
898589
258806
445720
301288
657274
262382
783537
27863
84769
402533
991803
935170
319797
697503
644196
907608
800028
534210
544272
331730
43664
27628
531355
260709
820148
716343
980205
777346
401084
160861
62636
593809
924233
207825
190267
635085
191100
294047
680605
330385
639399
576624
584929
941327
305432
510654
72009
866780
688625
545665
17775
668369
112525
644564
269291
519423
827081
799000
342252
389216
714245
504552
507314
816470
480927
160719
528709
685376
186903
277098
424411
665826
62591
905077
919264
889896
107237
504219
919960
659292
332533
919178
946772
186242
723417
419579
571428
908113
962558
451380
460744
583344
312379
152973
789673
825906
404877
324379
318513
247115
586805
921937
991063
563805
713209
480480
738668
628619
761510
382918
137436
389662
962925
482205
258745
756352
634780
913336
787432
751305
948417
712304
503040
739093
780579
124685
904460
924624
555025
409515
490051
343174
59235
362126
478482
881303
954345
863003
998627
61146
363118
676022
855962
585793
716246
1816
628259
587111
211852
10820
7056
480018
178250
660169
531059
103480
280175
58049
578757
963749
128374
904329
519631
735079
2794
897761
305877
101861
969792
811713
657724
262195
791808
37562
871461
557090
858285
81707
230648
82559
881198
325186
333061
52186
323464
57029
857098
974893
105019
267270
27561
780049
796376
116654
970864
996635
253755
665199
374577
43173
108874
875510
762127
714023
590348
936546
524473
399787
917147
908252
556584
699306
231090
502030
363953
487703
528138
492021
29682
524390
108047
762792
752074
733890
543103
612183
780482
238903
739389
164496
661877
724432
288858
517929
150045
99219
833342
454187
791130
881776
447836
564659
616177
423182
525707
660523
423793
307330
1901
278352
110918
632746
21477
283271
306744
787835
43045
727680
706586
62127
408573
950054
607747
633537
545264
879479
826561
428638
707633
768316
660737
974500
825631
162808
436108
689575
394568
55130
462305
511480
139707
884960
170628
322035
626992
299646
194628
225628
227556
994455
579437
881632
885030
561400
626403
846038
90815
285647
997213
322703
400148
772336
357928
768182
363706
526524
274190
908895
625839
239485
505383
261416
754966
943484
638418
883221
976541
152260
903395
945092
362511
265934
495584
845095
345448
620041
252532
718989
271834
423169
350913
663584
265784
32084
623047
471865
472394
562818
303135
972574
728841
857950
639076
922984
847845
833910
104713
925769
935850
895175
6545
135189
577931
373154
