368896
73145
336979
137759
794202
981043
294866
910582
777558
820815
794571
125640
892720
541186
621034
256077
129983
442775
823906
853091
176985
417904
168536
807661
823574
607902
975461
847041
563708
562820
394887
874524
682865
575952
473379
464882
937272
702620
782014
124074
414704
463099
668615
748043
839305
486229
818236
135922
395057
130025
51024
400518
752969
208689
656350
466554
717489
204556
217535
139194
687730
773647
256896
268913
678264
117004
18361
187965
68451
30988
723488
414094
428043
810637
146187
639433
882720
116623
249770
791121
916063
698862
576394
182600
136273
214510
924694
593908
147603
283901
232475
52579
994647
173009
190924
667464
829716
203850
688424
610044
10895
794159
759620
176079
197136
659238
422393
905284
443399
528617
718805
816667
365674
852348
464354
360325
884637
741731
554217
244503
434480
957285
535031
888892
733260
790603
271391
800519
607790
736372
522399
848017
525318
805071
336599
585171
210075
425516
265409
384754
549370
353509
387546
777901
779613
371943
939840
516792
208992
712246
160667
94320
633630
644939
242897
285577
741538
497844
651221
972884
224162
370933
306600
300335
830042
892309
475079
347747
900102
16296
732223
778717
8790
439708
477113
742396
884890
489552
7003
469228
403813
923996
441731
318447
401240
545135
436680
991726
498018
81692
977960
893982
434503
705015
174237
47161
216613
960926
615920
631875
526208
902503
826538
247051
381382
166748
754215
755510
262503
555512
304982
109966
211807
725844
171681
278410
764243
614995
14926
452319
436972
15407
431375
465016
320230
209457
377322
886588
669987
980597
559691
563566
556756
395858
22572
219942
5732
619764
167029
981605
113723
74747
338979
451451
745929
187699
514007
514486
380803
289987
156520
149365
839013
168808
116120
931776
230066
585138
704948
251667
489879
892887
967856
908222
6771
195883
450570
577440
29811
951477
104786
680223
107643
16849
423486
278216
258277
456566
534253
40854
633096
238718
682774
341549
598617
514358
457051
73471
983328
711515
513634
909409
780368
638415
13825
747188
397001
553395
369961
230327
463251
391669
423461
380592
528714
653923
639151
550633
953025
630780
363751
256146
229477
591022
869066
976639
349798
794725
506224
831087
248561
124729
942530
989204
31821
790141
308860
689482
822783
373685
625543
644379
978254
122522
408001
580389
65758
125943
146985
459942
108738
123508
25860
895957
190043
210124
461311
976157
445517
803484
488828
886051
59729
217314
466177
527091
525965
910235
838879
239676
480878
54385
216891
747834
621062
675834
537366
297311
754728
249933
434539
619659
648931
195388
46597
85790
925401
553143
661312
516972
181311
52848
48346
537856
598205
670051
213520
60745
114560
347684
764176
670451
894144
958388
532184
540514
99911
750814
347933
312177
936480
40168
784196
318045
563417
950796
918797
310461
231087
632949
770220
858186
702894
742847
382551
402748
188303
272442
980230
956597
782006
677039
993607
404021
834310
187280
194089
496990
606704
72647
629141
791447
832493
367670
351451
681178
481425
484544
308628
294220
62743
795124
307627
509388
564615
474797
461487
100170
808074
888221
490514
142044
754660
654299
8435
493641
605786
613055
683388
696624
431707
999085
444517
89656
642263
527394
301662
811250
333797
907183
594078
752639
210009
34332
252283
899824
53649
882789
435737
593752
249778
340995
634452
550967
939598
818843
598541
634820
885163
235100
425458
489116
708069
168396
258232
992585
432265
234096
48193
619163
945063
772339
676199
7827
663673
189998
387235
79838
911581
117452
371926
868076
313608
731486
635542
386294
901269
772914
10481
432015
918457
104965
813256
880175
133629
971390
666350
371978
385577
898723
114948
979424
670527
289879
639017
909333
614165
534551
220198
959957
228818
10236
131962
915239
135980
381885
48930
767517
373300
418496
670143
521408
625687
684683
838493
139972
865419
307431
911604
420670
299643
60428
240304
872234
677615
817808
773320
54856
751558
572278
660474
92560
740179
155992
882517
603137
764754
368148
507934
28083
408750
92436
11066
425808
824263
12667
332510
947712
152652
94820
506363
21979
378675
18466
10148
608968
570561
498832
966906
10181
484217
976285
247045
381251
418935
117815
495620
443485
469456
83162
206908
395575
672066
786081
741855
683555
181428
989326
264358
140309
698344
156218
932643
277467
530541
698583
366624
288429
696022
513882
651622
669009
570516
404066
490528
623170
957104
739210
317249
258432
831263
97530
881510
845437
56860
826287
53631
561315
959367
993283
774387
125682
279818
578152
922799
362960
905748
258380
643661
131363
34021
357234
14802
544092
805242
941466
896800
963886
68339
37540
652194
708700
194198
487055
280182
369993
709180
997427
332667
452501
728653
338607
33446
18456
342206
594632
571699
225352
56151
901717
567685
696239
860143
484302
840394
975966
852695
194532
350890
826949
693084
257400
668127
153078
783385
899516
904218
382478
701837
885684
958943
607312
965545
67391
575565
79393
351863
790650
478864
220927
268980
460392
762753
50995
978497
741525
973341
423147
140636
986667
675001
152931
909492
761967
587594
547950
782871
319723
288162
183725
339381
933787
15463
589379
68430
689339
962682
670866
118018
625746
297781
383117
939083
888771
238929
598783
973491
81064
31500
851089
988623
109804
293865
247102
917548
759320
981927
600250
187882
379759
949609
97029
388244
64323
235262
554681
774343
830723
681171
526960
357608
846616
815837
812785
833536
339391
145038
828088
358148
913030
425250
894859
752912
269939
555622
631144
619209
734755
3654
992087
119351
158297
106710
835842
783556
125204
9185
363546
16146
474936
718158
192432
619947
337523
776869
177983
688189
178028
677185
371073
767085
523373
723490
571633
905547
608891
340503
82228
99596
654749
137403
45340
63601
677362
279569
161445
328951
940793
276708
524623
582515
557757
125610
738372
125744
828453
755809
608728
931940
234423
825589
492039
962350
364095
275594
952565
70066
31285
700675
654624
698342
704926
21361
251036
181858
111200
705744
914878
873346
394372
534558
917971
435760
899187
353632
788488
80220
730746
666142
826927
498609
983023
530140
653883
528316
29359
13400
684258
287247
394116
880675
797065
210105
709461
784625
8313
631270
550973
927117
788929
175257
556747
832875
214518
724441
355064
130686
881117
57796
960527
504002
313496
419795
88817
378128
388624
715049
292780
762153
370382
549781
419559
704299
187995
374175
372752
684657
895819
774921
600376
897538
791698
739484
557295
997010
653033
843117
844910
738944
360868
507069
829001
575375
697335
996535
148013
638877
745689
586889
680107
746071
751943
387658
382139
502893
369200
265184
151204
16004
466660
156635
294241
173147
268183
909700
675842
622223
399879
255042
101982
607632
472647
542349
856119
22304
176149
122821
353390
44605
377173
394013
213643
467250
741064
4494
488080
939135
838478
557578
414273
421782
387921
271572
838918
319336
957934
150449
746059
510217
653479
581039
457860
187593
66852
98490
124563
425808
552238
920740
757490
585704
677402
944406
715591
570110
57047
731163
589273
775040
377099
941929
390296
368144
309508
846635
274493
708056
221178
830186
149963
788432
880562
838968
502125
909779
97217
149717
56037
559183
59922
535962
655329
609825
851185
884274
880893
855379
778505
963804
18497
815900
8563
281544
235578
200344
838944
355409
134207
435389
423044
307073
109021
607284
840893
393872
461293
589246
730693
547352
625100
876989
375417
366217
896502
367251
134724
420327
862028
125748
568742
217008
413945
623217
875924
416226
859005
260097
187463
26545
247455
239850
875745
5964
529867
357871
295110
486980
149303
46525
158962
644302
548626
123600
212781
504567
564189
278597
975065
766393
983444
684727
39507
731371
220723
519816
594081
247479
886236
854376
248023
405886
348943
360942
588868
516952
730469
799147
81354
368795
891024
717658
854471
488564
932954
993381
830235
987954
488293
839605
340430
335748
587339
557796
98366
987557
832153
551076
431808
938640
176362
367188
150676
255039
351878
579457
507997
926890
567770
452805
878909
564172
11461
888678
493394
490301
212271
979159
888559
369250
49689
774478
114867
701569
523826
923485
417177
909499
584027
342450
728056
61519
80847
742972
458837
326643
550520
641998
629367
438405
825968
242143
935244
976081
653816
863246
442832
152458
950081
964916
934943
664986
226171
103141
651152
229419
847898
552835
22256
544725
554063
97395
765559
554237
385624
478374
119367
696083
543604
493062
41569
838967
485071
366414
608461
812118
289480
149938
604613
604883
97774
518648
952060
856819
498444
737229
469880
248891
591022
962541
147686
297409
595332
230546
700047
879800
772094
643853
30246
599680
535440
511615
244971
606179
960823
814981
396773
639642
643967
917004
958732
662967
257987
62942
188522
124476
995381
842243
924041
216988
924390
460168
897261
761017
937441
510253
714363
569435
960269
831293
482733
423191
668014
619907
771231
771063
801965
280535
962959
858703
410411
473431
104793
259675
634659
588232
553975
608005
999476
510743
109337
981341
314283
574279
136857
331578
68133
2793
848089
667761
757534
159361
768774
664069
874729
23561
336720
3669
324158
303920
863930
855132
971934
414378
642964
179875
801321
682242
211980
323579
585703
234821
750315
536328
757474
159169
289843
397912
498741
634081
495229
801307
737384
38167
80108
847304
296476
614013
126331
505487
37213
374832
610141
477507
816256
132891
19492
275698
346002
502190
136989
502763
157793
692520
640233
625177
427054
98680
229905
243524
961117
210749
853326
261948
379109
206348
146801
758794
312495
505758
358223
550259
442065
689223
241280
451252
527899
190342
407916
2447
875867
166754
821011
123402
188316
644940
403044
528454
811058
147542
261443
810931
245608
862521
505852
619134
721250
327940
881166
114131
492169
349243
433900
659973
720702
476699
721217
967860
448045
868830
993954
798871
422203
217100
742591
827517
67894
218043
113169
278271
108452
458264
439363
36119
50454
863325
381515
252415
953340
452500
435337
627821
764270
98583
469943
696534
673619
594070
397338
927287
429478
663105
841542
882350
220230
137574
896901
93411
5633
858687
940387
232783
806884
34582
960199
449387
61666
954609
225059
201101
767762
396573
799610
588576
133422
738311
439459
285972
183941
460914
22129
287717
148960
376401
524576
484236
423974
628495
662096
971778
559736
478757
4571
56495
395509
464522
234839
122689
187029
987919
46488
592071
949734
200381
219336
969313
828540
752846
68543
980729
76606
505032
470662
790144
238478
429789
182880
505824
632538
604611
742790
269300
407793
379096
400120
279037
655280
137854
227706
172522
406662
257899
343864
569755
404642
737807
44917
864388
600725
377277
82356
658713
178623
243662
695944
280920
686110
982491
479222
129599
37317
193743
605055
155686
500612
715370
720433
947180
789151
361863
154263
168912
173625
45214
985948
971352
600695
427257
875466
478045
588334
158204
91881
267560
721295
887184
226823
608198
534570
587487
626422
90075
691941
158390
329490
799001
434255
862295
807046
378651
397478
946874
795789
995301
598400
372696
255833
347848
516146
57152
459245
926217
737641
212675
301568
721081
792183
656471
825858
160959
781772
727897
870580
934084
111792
229738
962574
654069
605763
682016
348855
613062
996782
23482
84273
514903
252379
793517
103272
411790
393728
767925
17239
101672
589353
988833
664356
795891
58673
992310
777672
739788
381418
762075
101614
967772
636322
446373
1284
769461
382731
124273
281238
623057
13413
567780
474724
661614
162147
751948
369622
792541
258176
504345
279028
693635
240422
705718
892862
954130
721906
265005
689157
862810
630971
651581
494833
602610
904778
103338
546722
396179
992239
681340
929641
504976
597597
552194
202057
958900
667963
184219
83226
202941
276812
778912
88820
252579
341002
866347
246476
321260
67386
279866
805122
612117
215987
196332
420941
640388
709198
174417
856906
559406
78721
572507
352687
696939
55724
195620
826333
636172
293795
793154
425965
610018
890678
252484
118853
78486
775938
55692
3504
408252
551684
811789
273828
290439
380560
18487
15902
414712
394788
488163
808554
721763
846121
516737
737745
577233
148982
195038
689187
941357
974547
17566
92381
180729
951770
234496
450406
576048
772680
905287
226950
147742
405469
357601
389490
751131
480800
829472
158125
628290
498395
225665
348825
837624
298949
597946
704546
239565
131814
823448
867873
176156
546364
832954
159230
343609
342107
853678
749273
621979
504368
330198
631125
676577
613796
653025
798318
237388
524784
219758
399397
628917
715502
84131
329448
520688
381859
928429
625624
161769
260998
985251
230498
742403
385542
542742
412475
674832
737025
163523
128637
453521
718267
903296
668425
431871
871234
995427
731345
847923
291860
11762
329615
415955
539406
929837
34258
534274
314846
208060
90793
886591
554331
655973
998526
262904
112679
555756
332531
513653
402570
740031
593047
493748
79944
932302
459399
457970
850918
258972
930624
949101
746395
869686
741512
518646
132134
557699
322842
567967
445419
112524
300760
59772
333962
553477
1340
459911
791944
711538
267369
22999
700084
958455
662920
949731
395683
178818
319029
418403
999876
697461
784245
26246
557847
421563
545881
902751
805307
202149
179487
549032
855652
270816
584753
680437
165824
357324
567744
139656
112632
457032
517742
610512
242235
123560
968291
170446
817958
882419
114877
517120
293203
285614
423169
301749
190648
350416
924609
814594
779147
141835
381314
524561
703121
642116
46090
774543
344779
100764
269395
798865
438658
770536
240536
700571
367242
472793
278376
188318
801809
990783
838372
877641
358550
66192
538142
491022
144162
599328
645132
23238
168158
413964
538909
799753
569342
479108
97934
625681
284039
407980
632465
693422
538838
665280
59290
734199
633734
862849
880267
735680
186609
357883
15913
456613
707883
601129
928672
793783
133880
858105
547028
37331
394720
442087
555922
636612
714634
841638
267611
867211
443566
34356
528649
836786
858270
965608
715379
30560
720192
417331
809206
825083
724914
696788
784252
454584
194247
666269
422219
66122
951637
947955
752806
146363
494354
281029
374655
940109
810424
371219
37478
719122
180905
467368
726671
74279
899280
45657
563409
905162
451322
542441
888337
424070
406847
46439
85304
166413
148824
924550
958672
38251
418590
40578
535727
61845
570250
846846
536550
446723
17639
718252
977308
963455
13567
150042
816992
934218
962632
547207
604210
645527
200351
931962
425803
980382
814414
913398
38321
483215
239473
210257
303475
793431
581214
206591
203348
590488
423189
604670
635195
379878
273085
17184
699919
726486
761908
729298
48341
102433
410389
523277
701399
209894
799619
642202
252233
553620
162036
663945
388548
60147
290050
836200
508463
196874
669090
812762
994814
491365
218458
272898
24863
295383
573797
570782
215700
144885
501520
182516
233134
639925
850726
812345
74717
712160
40806
778292
732384
499210
534565
646497
183094
884411
241678
262803
932208
613637
33484
222851
964412
508292
545616
650161
33173
508203
889775
572996
909138
70203
636893
688789
716269
19558
240229
355015
224241
793573
520443
93864
449626
836985
78686
117625
503267
274600
376515
759320
33501
450021
44628
645519
304612
838506
416434
704263
359638
624251
649113
712855
495968
758672
869294
39621
245126
650646
179769
480231
785277
2817
987000
910882
716866
660494
132454
124507
141746
76506
569708
956737
508718
693472
248533
434415
931064
269668
575551
599101
826367
653694
872924
421268
277993
42849
535627
405982
286248
459977
852388
482876
999805
232477
198777
798805
439653
983592
7253
615397
374220
424966
713878
31928
912285
750229
67107
420932
181353
191332
226539
670570
268853
325650
623080
548686
127135
132638
692078
356390
5429
706339
178041
159200
496093
356332
292111
156460
476926
449841
901920
737545
169982
226322
952069
532338
882120
137623
984278
877344
10076
89136
289502
682272
626613
949918
987298
870513
593178
285122
700576
48808
406450
123640
863551
951545
543983
207618
685197
489551
24422
917323
682455
817224
623613
711929
418474
653684
90913
897098
141752
16360
630808
223792
354354
338546
14312
854552
250005
192097
285731
135053
756445
631229
318064
94674
205633
363404
969608
544977
604104
549033
190460
242488
250672
571526
457848
312763
630032
120193
624381
704498
638444
520830
814896
458667
276013
202476
852738
283587
211447
208524
694098
549570
879857
889908
902959
907043
842056
920412
627554
880799
57489
400192
714751
28752
860286
24025
515357
384227
896864
16071
903832
407896
161728
806839
938441
511707
976938
739229
613941
573338
969037
479031
760612
398725
726675
840925
318915
292222
115756
28216
80855
401847
648621
646219
306742
152713
586416
874127
377275
926983
979663
294479
383439
40348
413345
748105
213927
162570
260395
660643
328637
769991
465900
964938
99413
919830
25059
585133
706785
124890
955071
732708
410197
802082
675435
462831
506783
356365
43380
147331
384675
490786
443929
173963
750340
423135
933074
32974
345137
943955
835320
182393
314914
977592
18934
805649
221338
767181
149798
147049
929233
98930
454181
897148
342756
801621
903304
247216
572951
290161
653341
625443
391346
352408
760081
880790
313435
837974
179184
436989
753469
454192
457867
347723
60064
182151
421798
714041
653781
592684
541499
138593
913136
921559
639992
254668
49025
179030
900053
772144
128033
774786
237554
76690
954259
377115
580409
739329
271004
405070
370691
85087
998261
77038
322636
189148
981585
205402
799370
160685
210856
815101
46838
548701
447493
426422
513420
407163
167537
141668
960222
111029
875434
505011
647538
667229
309664
53041
725046
618742
75016
856146
515628
956564
18222
421710
236582
813221
827542
861737
639899
705006
540374
7311
618832
343427
203579
93283
915893
488032
896724
200331
850502
500137
668630
950015
138028
510267
141347
611166
754322
872337
669111
100091
654349
63758
93615
937099
194267
819930
765514
368227
968618
224814
793316
814536
975585
272655
878815
357230
746825
685951
700566
520560
900849
682595
624639
519933
100515
342966
658331
50250
473479
991443
500416
208297
336398
888650
327063
14631
71372
809444
936725
913617
288437
283335
40660
471280
415942
260314
269659
261536
471015
82399
867073
29955
956679
116422
379514
562548
456779
63934
465573
962156
9901
658653
401120
806657
594832
383924
174629
894222
594986
208375
682839
589289
829114
88618
235369
241383
169472
3130
238074
382581
140201
781503
517174
336889
349396
395358
645169
817576
616425
576301
840688
768649
947946
886874
92902
267539
848400
990641
55344
682448
143162
904214
95498
179979
939148
912063
965486
506367
369620
960869
877327
934320
602433
295079
409014
171804
977826
396035
572410
46346
376936
955680
653129
76216
470979
936353
34417
811562
315111
487771
488067
938669
820413
229476
197856
18795
512283
710709
843896
939200
474418
599394
399749
946950
277956
61037
125292
785054
484582
376258
751327
152731
936172
508958
748972
679140
851737
553976
469557
615498
569268
762049
566549
81250
951610
985993
580186
387612
975393
453256
24351
478975
951833
906405
87270
975517
798351
616330
901386
418476
216607
152523
351813
519327
504954
54548
954083
677075
226836
701668
916762
27769
174982
236248
963387
831604
918004
61607
379096
474390
992878
384251
380218
888190
482008
457046
388
536715
948735
750370
642966
928780
729631
140191
558503
672480
856679
973749
141744
675717
457966
548556
776262
298368
662677
793043
459735
373910
134679
894360
971860
15491
913873
199429
392629
382490
605344
765336
857333
747367
419655
49197
464683
754795
677783
287183
933762
442681
22255
371162
666213
32721
117951
343893
684350
987989
487747
147047
50638
914104
459769
161987
824923
978593
648151
610991
946383
781405
73157
717220
571214
766143
757663
768405
829480
654500
487929
27136
405927
871089
225786
611353
27550
813723
966007
805303
440083
141441
82592
840815
71584
140630
879814
334588
684
303649
137007
462483
480110
302036
641599
784911
704876
58786
281207
768161
889133
558737
224201
784785
468007
179504
97651
222824
139725
489197
831961
851193
445306
269332
848127
976509
440117
332148
18066
459438
181219
548843
593300
636285
895741
469037
390795
794288
877532
946308
50276
642127
935701
933484
794630
947154
616762
25769
593486
650810
808898
252018
116128
966294
866130
731982
730241
136685
728441
361809
236582
222133
107290
895917
780534
813768
916907
173258
839863
483127
699572
32788
977709
645870
946500
441553
767760
71051
132517
640850
24641
647148
368478
893590
374303
478230
103241
619338
970089
854665
337465
523401
340019
332811
430856
142502
426807
304407
110938
816961
955491
280440
34146
699284
57184
648640
80976
263543
39910
821587
233070
808511
468338
166078
337201
470149
487303
29306
615503
121217
88675
313478
558931
918089
261580
826051
116613
434480
512994
768943
814864
861162
187205
89310
385277
411767
562717
857344
647771
979057
233885
413040
263516
1432
708346
709462
430568
802477
849173
253981
718188
476066
592923
660624
352110
886023
853463
747196
2754
7624
899396
140934
359152
907884
711820
614359
287784
294032
547609
684539
501257
638789
265079
151586
983492
854956
368492
705253
460494
594002
518264
568841
300103
474345
9123
18024
642979
940745
113074
818056
102427
373936
947162
414363
800033
415364
973565
291332
578839
196476
192220
703312
234085
853924
734009
671484
580688
651760
944721
458515
50624
482801
230545
868603
153781
600603
815819
331644
658224
452784
361385
321496
811417
316938
422828
738833
814996
936181
925164
622163
996548
877612
648692
866100
633469
456038
176177
179168
346968
195787
152978
233203
466889
985699
711074
343184
395247
281624
351383
966335
952102
780370
751703
7943
857562
25167
265100
134504
989737
459614
94386
222233
765383
561425
678070
510900
227604
176988
712791
614712
74309
134487
602492
300598
397829
195456
660115
734752
711787
740526
923293
936239
244875
749985
865419
462583
453291
795598
729405
291691
50900
400795
798749
144053
728303
336339
603367
578358
739656
520887
102955
234490
994605
66941
269752
850312
143114
483793
249504
179057
430798
871216
448255
408314
800547
243917
997460
189695
688260
722379
956496
360789
966331
839529
421687
418709
35368
519461
901913
314486
866664
557272
128336
910658
3949
207414
321195
131905
325662
645802
622316
806777
525944
76045
559252
596063
192233
243210
399227
717831
213339
515916
850411
673614
575242
106852
948843
593489
107163
194073
583546
305763
63218
613755
734209
112684
747575
707346
779479
101412
512369
877071
726488
780004
343597
140544
321621
265642
405880
202866
437615
739825
883082
594750
504053
780919
279295
559760
533996
625046
560775
480291
292698
587797
920578
922029
618685
129703
420781
742084
534523
164812
686954
777824
60644
155050
421883
250215
176491
392507
958761
883184
759582
195125
274558
630043
527074
612555
165857
19959
433471
719330
476965
369871
189131
423646
323819
727273
846303
620956
576939
9733
688474
622396
490983
857509
117965
5571
466290
898042
894734
899135
27250
657730
460520
918015
407731
149319
928841
459231
352692
69166
668955
762372
503833
264765
300895
82059
321040
470635
987126
534060
869331
598026
125451
487483
643551
797498
842231
360646
62700
151092
110493
903286
26704
540691
995493
1016
415843
994722
988908
838187
652545
532967
763943
285771
900948
861623
476454
482757
70847
144107
298241
183480
572956
478736
263506
952550
180470
91940
889078
481201
760824
9223
613493
766187
659556
626542
428206
242476
444880
129294
893289
213333
591169
250973
464304
348894
544100
672737
563898
537826
603022
692321
354062
853704
228626
965458
143203
437365
681151
229489
176497
277449
791875
500963
445223
936208
983659
362963
706908
441845
263037
548321
805034
631153
928799
626737
600539
835343
528938
538433
949674
969990
920485
851295
224440
698240
201104
206168
395010
485967
94513
171102
436233
716714
576545
742396
531637
862445
497279
583277
967700
398563
800525
627939
394894
591928
884085
808550
566197
330220
386506
901947
24554
822623
468808
562898
962335
376363
807970
887133
720414
874628
839751
782652
152728
172457
734061
378443
456694
594773
789203
909934
444181
868844
273608
119909
456005
988747
236008
563833
750809
670800
337631
799635
195820
931463
487383
318958
319589
885581
668015
943312
62847
455956
58742
777376
371167
644275
354719
468552
809157
256106
440053
836259
629759
900950
610982
467238
758650
107789
777951
726756
83224
283408
365594
244248
174671
220621
331782
805574
606111
829141
142594
812127
609850
611146
636905
37733
460574
362488
890726
796571
168681
135919
523664
778229
721364
190093
856962
716563
498853
669272
98487
47647
155273
508960
197211
289058
73943
567492
320818
915502
474746
910289
398134
980641
386266
193431
905150
612520
858777
893030
713098
548092
479915
32980
498944
659093
583792
663909
458001
711074
86956
399091
12915
571541
193966
592681
491288
563591
256639
887770
440194
494491
564397
184244
211309
833156
300656
413301
891804
820476
759955
366300
623627
63360
619091
566744
838587
296832
407928
461014
30313
967920
604447
468588
10475
719413
543528
194181
921950
63244
189736
843038
432453
336850
211255
906182
982973
758166
478296
393645
562814
483708
625596
738503
931746
725369
560473
734403
148904
447699
67922
741306
620636
101803
797325
534851
562178
446882
162206
223815
191461
893311
794220
56081
815387
288670
926705
900926
314413
803915
600546
791156
440612
836503
724514
384484
215494
340138
141225
819407
456066
386963
16060
219445
548315
526485
933137
712052
214057
919405
456576
723502
53170
810997
536955
56278
290316
410713
274498
81860
347202
275610
612499
165803
128797
154560
464097
355981
296357
976065
265301
350287
146089
283461
467175
955064
133200
348245
57708
413259
224212
418212
321317
461171
792877
131772
45761
794390
157319
297834
840513
946906
325656
373212
187987
877882
968997
127613
307424
793791
524560
977576
584835
409938
201809
871630
454603
158162
893127
151350
662991
912356
813335
672962
136553
435949
382467
407400
635085
803821
271591
872312
780235
645866
72602
372067
121261
888103
320478
764601
96019
206966
482310
669400
30421
39917
573365
432869
399300
727210
225189
335996
897177
185785
939383
280113
902081
423524
508232
657891
579286
714033
400433
201296
746023
701446
907669
482908
556772
604398
698995
51786
621985
113068
620998
452025
839722
649372
885509
262211
517096
941822
234037
598024
543399
516900
520688
878770
547056
843607
530042
5251
330490
809414
292192
42982
85707
949335
35893
881815
352974
23478
358337
937333
24279
250693
314379
70731
837928
4156
540001
658515
966178
232983
768555
377399
365908
657024
210814
724146
835369
361893
596549
547330
795342
389280
375777
655657
372724
941466
650359
796721
578122
219776
906307
264530
931892
3293
557975
280400
879811
617756
567741
908520
232817
609892
512636
51595
336600
467840
374574
906844
161124
389040
748819
341635
626283
691324
549228
43045
40453
834290
33242
693758
113046
184062
563381
574122
898108
155288
795240
3803
615115
553445
386440
5674
412562
965807
508514
501259
986160
979671
692704
909146
432982
211897
424403
403048
857900
134811
588873
461066
229833
332048
703565
463616
345829
921550
900175
631334
336140
192994
748253
383704
448548
674464
136216
124138
401330
967839
609043
119067
36252
802279
611880
677322
769732
541185
287392
582699
429116
487592
151223
184523
14922
16643
613875
81916
820126
794118
463499
144459
208848
712166
582675
822813
726225
713419
163700
548914
59399
693202
365839
874146
450347
519407
534529
153236
327855
57401
677977
707624
771128
26322
822414
137421
189174
581958
820513
367464
198414
441385
184059
953353
635079
628322
537915
508482
536950
389074
917090
532376
332054
780398
600966
141512
584864
178352
964815
424906
204600
99506
953658
11545
686390
270785
385113
362454
466961
299216
839755
761477
741501
708220
257629
7676
887405
860224
826956
363648
245730
862795
844183
119548
977733
692840
36120
737841
898174
947154
73457
978963
944606
121324
664515
300844
294706
100826
855376
385790
928325
813234
344222
698583
389355
452039
772321
996346
732100
698958
881193
948227
668414
941535
694608
548221
921919
29947
998611
883838
203801
139728
38882
624952
404477
402507
453271
147655
360635
498581
36014
65784
851178
793535
132342
974977
151274
863101
500496
703365
931089
503737
44454
111828
78714
10132
308757
148970
262113
623445
472572
232355
204138
914404
858845
416341
688225
47810
577010
348177
232264
122873
459080
639847
517363
304232
468077
58423
243810
548366
69815
420372
920847
209334
533076
670913
349240
212421
97251
539096
108900
169662
410323
92213
760488
28132
629176
715957
385769
790969
298920
572571
949093
608299
96484
924937
433326
181221
244863
515048
15383
965714
959315
89626
827156
199022
901105
57718
767027
529643
120766
381355
48131
68313
508830
214494
659306
246376
401547
335476
872416
275888
137488
750103
439437
281835
292715
88170
559518
667792
214908
577553
563813
693993
223630
506073
166174
12210
36966
814459
416393
773442
30
894663
931488
744623
590418
196181
935048
78554
845762
398071
283510
844740
769419
810708
761775
518620
179797
746435
505728
716087
67538
731157
363478
432243
235039
393943
974320
43119
575888
971081
393377
420823
300539
684554
472223
857627
566296
61346
538430
859797
85621
711544
224457
388978
838858
889003
829612
70466
71316
504530
692678
463888
64110
556076
43161
705925
793583
847066
664862
975815
690882
771695
42444
413267
209105
880037
614597
62276
840586
426305
108450
481708
852454
860604
585800
843349
672766
289463
96366
344052
987638
753122
275493
302388
948030
325072
21544
796881
199861
326770
62059
447363
19852
792775
577056
142712
487030
83003
310718
494225
521871
226406
41332
62827
206859
664662
517923
569768
52981
608616
32092
60291
186478
621574
332683
306930
750871
791976
297781
617398
21354
838244
934838
703784
718257
779054
812289
50993
544762
240918
227212
364290
246759
868390
695994
781900
548847
870231
354690
141507
763657
359994
971399
200494
915878
596151
258003
849832
886603
827763
905633
281733
218685
322788
589305
666489
370882
488352
695807
221066
695225
164404
252795
996539
771900
982730
123262
500149
553160
927884
688748
692085
503203
907510
75334
86263
27034
602065
865052
549853
542500
516705
692117
326396
242718
94386
459760
952492
498136
702707
323044
109463
507199
127194
370247
944223
277404
283592
43008
762616
100867
475559
238080
505516
656819
71816
28466
393318
638667
177423
421792
252344
738625
872723
64687
945304
459842
307493
90110
273628
165177
262740
610621
73117
925265
659482
591131
938124
238792
585076
127193
774080
513210
430387
561894
91453
378867
629260
803028
299449
752807
639619
516239
793754
84128
162080
120254
34960
59878
808222
646057
295043
553887
264982
954700
87650
758853
580227
179740
338455
249520
570978
611834
968423
46767
664667
686195
168973
591488
414032
74653
386831
247219
923957
294605
931896
261945
843458
301570
90686
708171
473289
412477
996274
58435
627037
864211
454299
271732
217544
782366
11934
149556
845938
222868
337035
922093
694737
866612
405120
927374
258481
861109
97482
873105
974709
164454
626143
40772
771491
936972
191531
554637
39391
126425
932307
498136
806815
200599
612881
428298
834234
244127
913147
50574
770719
610675
203197
466595
10880
523393
377452
813402
591458
756403
100696
137765
494805
745648
152335
886407
669505
738017
709420
817743
265042
573888
385129
82999
409134
115196
625756
442048
936398
199510
835741
663340
959927
805838
707495
954940
370211
322929
736097
762438
529243
926435
960835
169677
483639
555655
762710
398228
800982
327853
130344
971675
530577
703388
730444
895312
318799
858195
674575
296478
920888
384852
700011
996887
697221
222185
890859
321510
507885
38716
916375
545436
148084
843229
506261
466608
810718
659185
925173
141584
603349
588828
121784
239322
122145
330893
723217
575768
22308
749194
453200
103876
380466
692817
826908
254189
779435
395363
37830
692472
796917
42025
751994
796909
314322
164075
837721
900495
130303
590821
224696
96940
974861
859990
657927
739718
567718
664869
6864
577991
355234
134217
912996
920166
854817
35640
350242
39131
911636
899063
283272
200610
167870
272606
58964
114051
403520
256011
575271
24004
719699
830053
81531
332523
855678
193600
418587
60425
590342
242561
342585
874221
984052
374719
291533
669304
883454
589930
360126
843553
333784
646027
132689
485073
404979
804317
578549
946842
687201
181372
477072
934216
71236
812836
871617
453886
171060
396366
780476
818303
549190
840963
23005
505097
460301
417855
336200
864051
705938
191435
177548
740374
700527
63983
88146
700836
202575
75943
266266
254479
719905
451217
400517
988836
480301
958259
383408
45090
999439
305790
957130
502690
769123
368540
627958
554129
992506
894382
436245
843344
49468
200818
655341
550614
234824
532580
870333
121335
917897
343661
980676
386751
650945
605230
615851
30208
865216
433338
785089
151986
872098
587380
983269
908279
499469
629912
545129
761490
472953
863850
561694
290417
981456
830844
691095
96444
497278
398366
77628
828965
669638
130946
528020
53949
273715
857541
447807
946064
963149
925941
487824
634605
555567
240830
154529
965475
539509
511854
970869
770529
830963
168490
848762
32640
57442
307933
393757
223449
422644
149515
281622
920288
114589
235039
634242
65554
456268
87543
975734
450928
727040
957586
207430
578276
583822
748765
680973
706979
883380
894667
767919
37624
412117
625366
876295
682536
60369
413393
69622
213763
633540
172180
595626
181086
649297
295094
130298
257359
153227
271314
658580
849360
664593
579053
968411
440039
885998
57079
452451
831406
933011
804773
508514
801791
792662
40488
932169
893355
780429
573400
3256
343800
512214
490183
640055
66532
380611
814771
518711
253914
774171
264865
120359
777443
612381
610833
837997
502193
812790
664564
43150
939355
177995
835562
584778
453503
418088
816163
534029
829938
141198
24753
612899
379297
69945
516953
819975
351971
272229
242035
905972
928165
872186
654200
606912
689088
293027
505770
31704
305861
771452
789993
544395
140223
504765
818353
412110
940318
750280
542961
395614
75600
765848
202114
982460
11900
259864
599551
366504
924635
600972
68708
249278
712026
631406
736829
578821
34588
619493
797798
294684
2891
243907
221034
345212
187345
410788
830231
543493
191330
75355
941602
659843
294303
728335
126901
219298
109009
375737
817702
641162
103377
576879
270882
662467
798492
150276
876336
601609
112088
615046
391008
181189
66658
434458
293013
329535
554714
393276
568477
717468
599360
303844
492447
977029
886014
737130
488734
959523
88215
300439
405729
353167
513264
164291
275127
38966
782833
941019
496586
242275
706303
626718
266283
46251
276802
923370
643911
489505
338963
458057
553098
990136
630555
918446
612040
615958
855213
943868
970498
830746
253404
532341
336955
273031
822812
139703
585317
563509
916986
660737
155711
110743
150550
565954
508111
578896
313696
60384
975234
708597
826151
649863
694086
648021
597312
472800
101646
112925
35914
420667
599880
327135
26629
354783
709585
901462
41705
813015
65167
730018
952367
200367
362277
615771
212622
656063
336134
601468
752254
354893
153430
32247
118037
145873
511042
999582
765942
896922
321822
694632
168837
16887
199322
667428
208353
663813
963183
866220
917797
869551
726471
626107
355309
274349
551830
37379
724777
808952
37843
98271
502413
29425
428703
612267
502276
478019
467075
808503
106497
73859
238674
856754
188047
374706
671805
924089
21992
527554
447300
92115
14662
7622
262524
340004
32489
725801
796290
129048
398219
529674
9650
385610
336210
835066
37314
436138
590565
728952
758950
658356
407895
309938
304999
179105
13013
902595
169374
406374
334339
692142
435539
387595
217066
801385
666826
914969
41618
902634
605530
789682
472615
476182
822626
482893
321315
40049
997132
976498
211602
391443
544429
981027
208773
362658
367748
928638
187735
34985
446984
495324
257938
244424
759683
777498
824919
13242
761631
345253
733691
133356
601020
626256
159106
267704
881788
583579
511009
272755
554465
10128
332450
721774
419555
474893
845178
288472
239438
490343
568578
159896
317895
937128
178409
558262
630818
831273
526686
973025
210073
221903
336659
850793
911752
960767
390894
707415
698697
35487
763150
190190
893587
88394
398720
652913
938213
257542
647988
712220
926693
132369
741423
439669
361656
738464
360339
567844
240599
893941
151454
454832
217493
730172
730149
261100
196110
301166
965761
810319
767804
596856
145967
454644
937814
995343
987879
289514
892468
645246
90233
754023
43239
245151
604256
952258
757455
660712
600707
452332
214198
895209
156512
433904
301796
56810
70590
502976
646644
220626
883200
530757
28015
309814
959980
218736
330715
212347
510759
880836
82036
678979
252484
282991
624635
185342
212882
560699
812256
964257
104118
906346
80183
223918
798741
781786
452304
916572
824306
388836
709136
528589
748027
860281
537696
34471
108091
697255
159157
185968
475277
328969
648780
864136
63259
616975
988042
311663
434432
410318
922915
537370
638088
858397
952629
361384
616590
467444
385247
286947
451812
536407
15416
461418
301808
626080
345452
906871
682516
787198
396799
996099
219638
682613
617326
968450
299547
107007
816698
709519
449722
174584
512215
5347
105417
760393
746502
215452
155626
301134
243973
46261
632442
227221
565936
82732
227633
785362
194118
121978
470935
467413
744914
256265
248569
308368
989115
109207
319909
187203
227793
982543
678650
18550
216240
738438
60602
195788
598140
317212
120574
135766
879817
815561
187282
651627
666300
875103
401170
207603
567990
564918
440009
857382
214333
737020
168678
887478
532361
41026
796786
514790
728507
969319
681024
809626
687657
161502
127034
643452
61281
348202
970376
186278
540832
644715
164006
681513
451737
517899
170816
432700
305610
526450
816122
283007
707274
484036
229271
365936
309462
79611
22609
708606
791837
302614
360916
178020
318933
953939
939702
573387
148838
818665
343450
9390
503220
581977
486165
690992
530980
221535
224522
75250
55406
531906
33706
333168
509332
562683
787114
525956
358799
636258
757795
921976
769524
466886
6376
998311
486106
567637
828491
419309
66603
117839
100176
957091
306157
509629
973728
477497
974296
294992
210815
686711
234254
734277
11905
673097
577720
77139
735373
461503
867327
963188
640002
144254
66468
435059
396964
288389
563078
651259
110403
564368
733416
257667
835211
557717
470680
175382
553198
75263
832991
600752
212172
686818
524457
153381
631768
961524
590675
998898
745433
325288
913520
799364
175956
496101
208813
728982
912345
958251
423817
972001
542934
721281
972003
7270
928692
433449
400676
387847
447999
88361
647459
748615
216345
77588
695408
303182
963392
680885
849429
580798
94165
543574
810336
616010
872846
760837
225817
801291
316079
365607
273755
283296
862749
620035
194715
841709
120627
337510
746843
156972
427801
261959
50424
206217
565726
499298
848524
916122
502901
241980
802342
381147
75099
352079
269325
476559
536649
546465
826579
647489
688396
762392
974306
270249
351242
979018
9046
624371
166058
748475
915416
215168
958308
722238
396239
935228
928443
215360
796194
830420
225517
863710
391147
586248
563567
485370
258426
695385
201202
295895
94206
8352
106837
956437
453571
633011
306876
420561
575056
22091
365581
872883
479834
28722
215619
335365
897807
884468
705937
684858
396971
811828
181405
278277
288172
346017
221764
699497
189727
374487
490376
798689
18593
476419
233360
799477
413319
847315
436117
284589
630224
138222
544421
503172
249264
150969
437941
141966
55182
88516
887480
409030
579357
403904
857038
94261
578376
432536
618504
616299
420402
112982
838315
67115
207234
92759
344982
423733
699882
63504
230419
711728
31945
561393
297288
485191
878477
794886
822469
729979
919843
356652
116597
417006
373855
603894
181206
813153
814900
266324
739217
594024
543047
539539
271998
443100
350454
388713
502358
206440
674454
755762
615746
578900
874041
158703
620317
975508
786222
80057
642016
712368
348004
15705
41566
500059
320229
739581
345081
583165
966567
949150
513974
626945
379106
399374
991351
440758
479692
203215
361956
885071
690462
581916
394204
28805
803567
25352
308643
351071
205168
547480
284702
256414
983773
598985
519161
634755
790424
933632
791759
756130
734303
95303
256824
357205
315610
558564
38939
709162
466339
759368
579246
739017
99626
65209
151238
694363
900210
26700
820871
240268
901200
880364
944295
164240
999166
86707
552712
977048
154063
742425
602262
371190
323379
275073
838143
917241
141327
871800
858704
571257
772376
633539
609354
518759
355478
765304
703576
607482
657322
921411
210613
978600
212317
51639
223393
784021
564742
101525
831290
239725
618783
17869
727396
10561
371501
100726
794462
414850
981622
6947
904289
267197
297751
57064
93086
867299
549592
507464
999784
883509
8031
401032
399785
863935
830705
12355
295909
79017
301595
576455
146386
868463
116750
328457
912188
681318
872412
370580
904113
751918
131805
249858
550979
979429
136482
232021
63150
656871
426157
266895
918511
366093
276926
800384
358157
53078
412723
711458
944725
776112
93518
326179
753845
57535
865177
571747
845192
990194
977861
555616
833220
753651
94162
954552
742767
8113
845859
932529
443487
814929
192349
998000
900259
698816
854961
834223
163000
412529
122908
797348
367302
325904
317270
713163
691993
758799
799261
807628
700704
966747
150074
354369
516927
746584
96699
181451
178025
199554
29484
816900
796518
959425
443958
583628
472490
71266
968169
654907
383553
266619
428612
602568
351035
761573
507064
709642
535657
628379
578068
696456
772431
625041
821734
512800
237299
945167
538504
547790
635129
838347
329134
993364
819081
714118
410588
726862
511417
69190
563091
148383
340511
639482
956219
675794
666856
975486
504558
117176
995662
250265
246911
310941
729672
54425
254964
850272
485469
511549
806276
917851
206979
923588
713474
702405
866689
812481
265434
421414
418746
497194
57306
315684
375209
857384
194699
702642
829129
860016
202912
989369
160974
177136
246913
684926
489776
533029
572746
109522
414225
715102
266220
384221
673166
63046
176979
953388
59541
376713
713158
94292
78654
382409
778421
176537
830837
429658
767941
567764
636013
93982
972745
183754
705771
93804
5109
81372
50658
372715
698776
466713
434390
577169
542643
800111
824528
964335
81899
762858
36170
175640
42108
462905
648439
804491
268280
574016
102908
842301
352980
393802
890384
66952
220847
759115
584353
48989
657331
288325
394838
959176
457990
170194
659179
979341
106334
353799
321032
483155
613535
24770
129994
667680
779160
891814
14328
620128
731110
792900
511826
143506
691716
750673
405601
991435
32180
507810
764214
229923
344692
715583
726196
27611
40353
266056
737626
246428
642179
502492
865263
201004
301701
866499
985534
844093
156434
987655
831514
676418
974628
979482
450854
656370
72009
283651
924960
900775
309339
8393
122617
96321
440812
701633
81656
827412
141949
773683
209806
769520
722936
899089
179007
877495
568520
39423
549880
635637
176570
97258
766140
463489
626953
425302
29833
105807
468700
52672
950469
672385
77263
1954
529567
685756
350066
143716
878573
922837
887633
440924
456482
131767
191705
283017
94578
157572
920301
188220
694369
34124
832233
261923
245154
98445
819210
392101
625170
797868
487975
416
215609
48002
274656
205668
326477
718905
997894
351539
442611
277330
167115
126330
177192
712854
822194
48149
822365
375853
515084
270562
783607
414015
98108
964480
580568
62209
551451
526673
62089
410615
207834
811814
877055
55968
788859
316504
699090
140021
938153
885113
361684
748433
870468
519918
608503
566147
225737
49650
235452
167413
914899
184468
468614
974357
638158
336945
465491
341699
63586
874009
198743
310397
778220
32890
23943
12817
268544
710725
19726
665936
874572
336609
74062
888503
503987
659860
605079
357842
688218
122841
170178
875273
812013
977650
210358
113269
26921
579791
208413
800280
847803
240708
437711
84392
115583
389994
902823
434196
996694
457658
328919
699542
891942
179096
980915
684787
575359
954752
237375
155725
524109
601535
953382
607721
866967
31544
169400
167800
240168
723414
632449
645787
345506
664534
893126
527968
862272
351086
433036
665948
260496
778391
638623
366414
600903
395447
103510
660311
760745
366598
228970
214345
279926
887366
618226
456350
165965
960059
856322
437854
959570
570189
587794
370886
564235
304965
507128
606545
927546
694958
126928
445528
243700
858298
850800
963050
532365
695324
674144
292327
816260
822660
355844
603896
277748
25423
801604
674976
586382
160576
235789
163270
317179
519602
154614
477610
670517
882013
740294
627319
842970
678958
431798
416287
887482
972581
327234
269923
357346
822603
986270
705180
977190
143089
5675
311822
116435
838755
589224
127522
453826
872532
198447
273560
97893
66770
463822
480263
47195
866217
3502
387769
780209
363773
432310
372171
662690
637316
34533
20670
400389
928735
94022
540893
515931
593230
82504
993540
76809
640310
116290
415867
590741
778435
964035
157988
789671
587686
797168
746220
368407
502950
708886
638458
926153
516876
968714
170824
567359
233396
79147
437653
219767
857896
261247
435967
263085
578010
323451
972412
434077
789421
838254
4201
786693
141362
303954
320003
483029
88163
936287
502411
331173
786940
150828
136977
801127
433033
997291
677690
296442
674680
38796
864188
806693
875934
619790
381652
611389
276358
974216
229663
236352
346983
787990
84156
636858
746442
691276
815846
641297
97530
751817
162859
127615
389351
11960
279009
572581
680164
835194
359242
497987
210165
16472
254943
327957
350949
275960
360515
352242
537274
527934
105450
85862
191760
689468
388187
675319
996630
239033
733866
714351
585546
347104
666158
392270
165078
892415
772098
729477
734747
233267
391871
463441
835138
255542
132395
203309
909238
59606
726445
852374
541035
205783
966747
589814
276522
913437
488512
232304
157716
820998
916474
372110
111196
489109
525046
436540
281993
274225
916910
376143
679465
445812
816653
521332
55439
201274
314214
244054
729139
686374
566077
204311
583586
351607
873328
81811
645599
799263
168221
162277
314832
313543
32017
660251
731809
770371
313918
969229
468491
618865
122371
86429
205591
24960
415842
384644
176190
570735
516796
904223
89875
386982
761829
906274
62368
901298
584501
244476
835338
276566
414336
157380
922221
292503
270834
435153
575344
638505
556460
924178
71923
803348
366906
518638
204006
122981
575971
94378
400171
263657
641339
92494
67976
889178
80898
465091
516655
371794
880477
982365
411133
284370
693488
589526
628098
16974
603950
45319
890057
723022
714615
706794
540817
719349
358843
105209
457081
310464
996840
422283
994923
511632
722324
210092
249918
152284
139637
985076
517127
965839
288612
226019
60261
1376
85762
707768
880916
330860
910253
844051
487974
129055
205205
989033
44452
992495
89673
457882
983136
739583
70330
156377
189371
757455
312227
171273
147706
534823
274398
578169
988387
335111
449761
8185
161504
752162
813614
770367
849946
175356
329297
991999
906393
122772
341234
573361
483350
215116
371644
985812
669512
495248
695887
675556
955508
201381
896169
442998
685927
328757
469124
358695
300880
617641
518210
820525
653019
283708
774501
904381
349686
787675
313955
280172
300932
661656
487067
618395
992724
608116
242502
350497
447515
921974
728591
354999
909323
176480
232720
403860
205395
889725
397173
462061
698302
83984
154187
486836
988006
135003
556084
803204
704407
901210
211185
737217
830065
673975
919495
802192
2100
357966
452104
601620
908208
854667
349196
926558
725625
932107
101488
608141
639318
15945
609182
600575
279736
444273
95249
670590
867358
805873
123361
935823
644242
295902
146297
399099
299824
295917
914843
166839
227517
999196
23226
490303
839957
590202
167778
136427
638486
215572
322266
32945
297218
581208
921416
140747
245470
571639
927362
590910
158997
233967
490967
122312
713552
783621
328233
490207
240621
270245
166926
721997
518531
394338
677869
556024
452647
723715
463696
202767
156919
188227
749827
839697
243717
546060
739583
683699
768208
599703
259621
665973
274994
116809
968394
352613
235656
954209
874901
946583
80390
699793
84931
884264
532189
586965
659376
713992
616930
901273
223298
324465
643767
388327
668636
472949
622645
20334
20116
56921
487821
161254
235687
805957
15171
838075
181020
720194
332219
378836
596741
195030
890936
669740
213061
943273
357408
917095
537634
884255
469606
676159
273713
599859
416484
991844
834147
614595
421690
478441
681631
916720
413245
130229
130117
700067
200548
400747
599364
685079
110090
642552
749913
175508
497391
988172
361906
564215
500996
919791
721032
499771
586294
198166
722843
733799
492254
53441
23285
534951
35931
34145
969182
932256
721089
192066
429986
808081
80626
655009
685073
895161
59189
340968
988478
369204
17632
299731
232666
898518
751466
595890
861910
724819
832141
500933
445089
178814
78304
220437
218456
221159
566981
677376
593310
643537
723295
776806
997219
291041
461938
336227
563146
218622
237576
777569
101538
662399
281338
303196
989428
526674
579966
307637
245436
278958
938689
311457
187770
631089
256909
337778
823812
290653
80766
304907
724501
291333
941003
551122
301406
155581
430098
249575
579954
858052
257346
678778
270555
930181
693154
202238
780113
80350
989002
427173
155956
62889
422998
281273
47495
312797
794204
902719
776662
816388
930111
461526
724890
212036
813345
86028
653145
823739
517625
697223
47241
815698
740753
490106
115431
729379
176083
521805
957871
909061
580110
945215
473686
641747
851495
579837
25589
290181
473503
62094
878355
65599
472114
471041
142505
624692
769611
187942
560730
504051
182025
61795
51762
168194
265022
766555
71907
477446
238030
568656
1478
380689
155878
856035
96713
130363
602600
500487
847589
777745
213042
437901
167181
884710
653460
594766
913631
818066
987457
403347
673631
910437
219950
874624
853856
88017
218440
322557
111001
604331
169640
506358
578591
744010
44969
976338
295932
328187
772431
766695
539059
51398
665660
449062
695746
797288
348183
749934
394148
623870
456199
140545
895081
392299
767004
593009
614214
348193
930736
715913
210162
308555
290973
973919
73928
397953
210614
690216
402987
197951
310706
694653
464297
470128
638832
826972
88813
16967
443833
129889
234871
153018
346906
309342
446020
305758
69357
153184
393296
351842
144256
804906
796017
128162
964674
442645
311438
706257
632905
86834
485773
229872
912021
168855
917260
558695
877757
429938
345197
882193
717366
88759
257885
782035
276434
565134
912629
950922
829114
465229
632163
246717
451749
460212
615215
701362
309847
77386
296028
535263
784463
852589
199929
719908
287049
293112
743065
641981
936024
80229
60329
512562
674511
39613
789095
393067
402889
861266
391963
573015
498960
606195
111465
240333
290503
72485
398557
913217
518771
935838
944133
92365
839538
783500
692309
842676
848696
319033
330301
518438
741530
512872
349596
390762
31047
128609
672132
228930
633648
599752
520948
70024
554736
12814
92281
579620
551780
522214
111294
710925
391818
69096
656912
587065
34233
796153
276768
3366
255837
130794
135085
596052
682191
822644
899526
402585
163727
963061
344298
378781
519270
72912
711003
755224
208988
624684
877047
560201
451025
433834
768613
557420
453601
181439
370096
678299
377388
302195
441844
394166
301488
550229
692644
521928
537939
663480
407094
29233
692035
674840
399979
37086
162929
367209
544889
131388
121776
90451
583717
866805
17001
48304
633852
517574
527938
78853
843047
796714
691097
897939
137955
41364
137797
831704
814489
384727
697536
51411
879487
846611
243664
808016
949743
258660
928248
120512
68973
826545
402112
318050
318191
907215
126617
533979
846212
599647
444606
994701
513483
667162
189019
284577
951815
802693
943984
235205
624071
395813
144758
784565
840495
814251
974924
848044
656382
837125
510976
295777
381002
417601
65744
969286
140863
239121
550183
157189
10609
634748
429991
176171
355367
619052
258363
430042
336214
59163
49369
441318
452084
36744
510934
377787
714280
60863
339362
679693
104474
53421
778870
276346
390020
236211
816863
340272
592888
383765
169625
935505
129342
574622
623238
167234
174644
851454
535334
945118
975159
938986
219667
653040
385681
1396
362864
263906
81305
576590
305783
109037
558232
735707
625922
908570
220294
152542
978583
177202
607331
449212
487424
299021
535586
776067
147440
334046
804846
141212
322875
401755
452780
961296
336536
605364
675851
655602
304138
995337
932716
938534
974408
703336
536333
5015
226162
169291
975056
990072
664240
904019
448082
156324
543992
340885
147918
139347
575943
998890
884178
531131
209623
702847
542029
751885
811611
624067
41334
140709
299254
658891
745509
50330
850554
500357
640651
746898
427883
712714
395096
886074
609564
599501
86982
814238
347612
217297
881887
420250
109335
629414
784112
901510
705984
228487
532864
837099
368432
959765
609731
284475
148718
734746
495370
505287
758462
236460
360532
104619
186468
172465
188884
252815
456336
324459
234978
884404
33163
96207
204459
521541
893534
681598
833969
739642
509267
326224
46791
955992
310457
716047
806152
638129
63617
15471
134698
484126
403737
731974
579642
734294
471334
68013
10831
276413
393993
391770
225388
603362
308624
682145
499979
608502
277982
716190
178123
667515
512424
95121
633642
948871
874799
841986
839662
449931
701899
597762
215380
735477
129671
594088
433792
523603
211627
596236
578452
740226
754346
795274
168244
136155
214652
983272
278643
613902
304278
817807
754688
471116
395771
483297
643286
439544
235780
119962
786701
38476
404765
347623
726683
6677
295931
490014
553765
879248
413860
225345
704404
408752
171717
115272
455950
423431
164657
88657
739848
840750
707034
987671
790218
45619
113459
886157
168448
318391
968358
674700
471124
425414
777502
116326
956351
71436
567395
678200
919894
843496
63913
682492
934873
960738
607428
821311
73883
53640
241595
542900
369140
150654
36616
305678
782219
892892
432327
661366
241404
573983
848531
73635
748753
778980
867317
509754
45965
356256
316229
999455
556704
151964
122481
173777
374777
534906
856105
827346
915856
739309
202386
300227
334570
138251
526544
801678
813688
901133
303493
131231
522924
811707
4029
57865
692882
590292
687935
980885
353900
343235
345537
996839
585911
878685
921818
199540
959506
800014
686277
167358
174811
926125
615903
15016
824793
835201
403878
607864
829964
441198
224844
313027
426892
623153
248566
627175
189414
228478
644854
809685
527860
910191
975028
843119
972611
155279
902461
1096
61605
98509
860431
972394
418662
990784
291640
970159
5965
215407
748502
290753
290712
683476
381672
392810
252043
786860
76663
93561
796501
507781
805816
285257
694061
32400
542540
326621
354525
688214
544592
899538
815727
819605
688444
689646
591346
181243
879481
566958
349334
684920
470964
320682
547201
168474
681840
384057
486567
157402
814120
954719
500096
88090
169969
202960
655111
357163
588261
920034
745901
620755
726876
778337
320763
596974
907652
279352
533527
237588
89335
753505
938039
895375
866647
300076
29990
346993
437872
390484
233027
866637
963312
360451
124428
967784
456483
714778
130905
963755
173503
197282
93729
525101
826199
984769
108322
615571
210958
822363
745488
594551
603643
886145
557867
520447
725652
522535
88725
825389
842708
388198
762515
443329
991771
748207
432914
989696
557880
743205
544596
523172
520443
860381
729439
194282
65760
932639
349490
308144
354647
526641
572237
811135
319434
751458
704381
469812
378100
673991
965365
595861
942058
933919
457898
167508
966845
949886
927780
275488
662442
634112
761655
921785
565910
965080
932574
97916
379307
552580
491986
761083
748985
21232
403036
263402
997818
891354
973329
140842
139325
175064
614061
634964
299439
875865
418948
648129
511914
671418
692821
904032
140070
209789
930316
6332
377810
441120
413551
906571
437473
726530
394934
892242
541039
666491
106868
518993
476774
582292
647993
420054
674251
268875
84603
268655
337762
696963
229030
195672
980871
320989
511136
305020
2538
884842
196428
491677
166004
390958
657292
373502
365819
859542
885111
491383
471555
686398
478376
668817
313696
308049
842508
349577
583967
675707
402406
755502
634677
860067
52421
311595
846987
267601
297229
427850
449594
492056
866194
594740
509952
147423
689757
132246
556086
407589
178082
492139
896464
864040
933574
182307
65858
654529
89906
452226
110684
487237
301847
432108
457971
166513
750995
237076
204005
674553
43509
868654
658331
82230
396852
356946
351870
939208
771722
891733
142772
407264
972282
560353
873404
497924
282507
210106
417983
285942
754377
127869
130871
919491
214885
552395
532623
268343
927684
876916
385364
95400
615478
325894
948447
726567
845305
892301
424406
929831
322848
951738
309303
251758
889234
866518
497169
830799
411188
338482
69498
55910
107388
17534
298118
294482
880019
568131
634995
912019
981118
928891
714630
859343
944566
384842
881707
949023
389371
585948
882044
294640
231114
798515
747748
845349
686143
300035
787398
624755
582343
294443
190298
910029
459409
88176
509361
45958
61136
552240
284919
379866
475616
208096
357604
676378
174236
544684
739426
740145
258672
610540
515515
697790
889953
161189
673504
121727
4780
958149
206767
910722
682100
938705
235748
316153
564708
149574
844248
896841
830193
283743
507390
167715
666211
469669
28658
184518
739503
883318
899118
288258
45345
373198
861235
14348
958515
751426
716141
985204
2549
361391
685772
725372
24936
537869
93271
295797
797766
177915
82512
205780
528204
137958
316870
410096
432839
1434
34462
211390
250019
86733
924802
512965
331445
663879
828363
518608
461868
1682
831725
925004
257554
6377
165228
284380
847190
951677
634987
572967
859093
149818
351535
623591
939201
750086
9131
133324
275565
758932
855234
422110
743469
510308
1945
485814
985561
283059
216195
389145
72889
116036
926188
826987
232970
601243
65522
5174
91114
950755
713401
101242
83873
756822
625429
591999
94824
369021
502666
261872
276338
409687
770191
937354
737593
785508
421604
719520
745829
448647
306882
916376
712455
555226
774065
696650
752578
609260
888144
436885
121539
316277
904010
999555
177890
231117
274689
23096
376925
490487
579054
265907
435282
799099
692838
448996
486783
846638
747771
710637
152660
394483
961709
989888
951826
683989
609273
392409
906424
874933
769602
328849
733497
502869
286149
351928
699145
167352
589172
446024
36966
610635
149582
227747
768658
904285
583177
758022
71138
574982
409283
352061
646262
126782
996940
964627
146969
665012
244207
917864
588986
584560
424073
938084
900956
922024
277565
890463
178974
8178
215704
581201
69994
644984
609809
434040
199232
17848
474965
60276
104718
666528
44412
208230
964213
276868
303179
696836
732263
289531
865629
691696
511658
34371
953442
665390
455236
158959
246224
40348
335874
482444
95435
638200
237660
594352
61146
498203
460117
135041
182569
12280
454990
413852
548276
192552
730341
891498
453055
739495
926870
83973
429718
906919
186750
184479
445745
626579
452322
526768
972678
646439
238918
749093
548781
738099
990487
322566
607095
374350
604458
43215
941455
227426
393322
268319
562993
157343
401546
448232
285291
511915
979926
509663
201044
228790
638777
353833
145731
15382
798813
798684
569647
590229
988630
61986
334187
198842
361355
45267
107862
363623
283900
920695
913351
393445
182338
711091
998776
595518
30046
983887
580085
12920
729628
802085
53077
705791
538177
784081
113394
219573
379126
580538
275328
171200
863877
669790
944427
733047
144961
667462
394693
759136
233530
497328
442074
590647
436288
514457
325894
241758
564912
174241
94740
167380
822336
109852
277617
154612
783148
511673
47589
207753
326765
371212
751664
570119
813112
303330
140693
844764
142942
174402
691479
451533
555954
836288
530521
485927
487840
34112
249470
667442
961703
710155
496995
138069
546624
802686
579941
786041
844963
599432
893178
431027
465816
425205
217369
487784
99787
930096
450365
869262
155946
414149
890816
732550
748599
759414
987067
233899
421529
935249
390977
689059
221351
241782
55479
886151
362418
726288
1529
901951
159113
75423
268425
226017
844102
209534
510313
437257
474776
698716
925676
724144
139357
840102
745474
298508
329148
974247
186798
505725
301135
85708
94642
313836
651951
115710
126778
899415
489608
298442
964450
111567
945409
56643
693234
710811
433033
412006
742402
560823
989861
974770
685501
4391
11022
521170
565975
238233
32835
961498
94311
371310
212706
158055
280067
687025
491172
61134
617180
997712
439463
995656
627743
500881
350259
632239
449599
919332
455568
387005
802747
882857
901280
372827
607070
301579
6319
317379
372354
537693
552741
424372
643154
836575
769831
840601
672474
399375
496963
686540
803955
391634
891579
842906
128975
54530
826201
748414
172997
165937
401303
110150
213259
158410
937734
135013
106985
958218
824409
436660
850761
76427
729178
846564
601560
14591
50781
467999
44150
137884
56617
786476
444159
951922
624655
710849
937798
126636
996621
926930
775807
477259
217519
296977
427642
981577
928165
398784
964929
208949
513432
738906
441947
227833
181852
294295
280743
253645
539808
116330
996502
905834
436497
585429
430633
48614
815008
508342
931569
298708
981291
270222
782715
63404
582511
117398
262548
913313
427336
875354
919699
654181
136008
644240
849922
200974
66374
40510
38984
395590
644296
934530
812708
18555
29090
506471
257067
142590
430573
720722
626826
699717
11801
733976
76230
348378
444046
371981
242625
928884
424211
579673
632613
138104
219173
673561
858603
862101
557865
409688
108909
845469
11556
411323
349039
120080
595737
761969
663869
409117
850196
683477
177882
599902
972661
204693
821317
151720
818908
894597
44775
645626
786085
257399
41183
86808
903378
617478
388493
57201
570040
51659
696773
710802
445612
574122
828861
913067
690856
711663
689028
700392
694873
856422
421967
392445
391288
12390
544705
314070
877166
505494
818772
38638
331235
445520
553358
997614
80219
702812
868898
778376
420515
773781
116866
554403
412317
398075
396977
543063
249092
772823
421190
635519
76311
226072
564025
834406
310169
403134
446918
797310
295484
11866
627217
645460
901760
690181
702246
41982
57499
538426
705915
647902
495567
22201
970809
78064
79472
736988
633203
412181
333993
929954
977365
376663
554621
950578
330102
746119
160940
80881
832062
401585
69854
479879
625420
418084
800707
639725
295187
448203
940751
866643
326076
310732
882936
833043
141706
737840
188401
168543
234716
912112
529648
904793
32322
975907
563988
286805
833794
785162
210182
470468
116718
834870
